-996 60 100.000000 100.000000
770396.845940 773596.845940 1101219.474783 1107119.474783
33 21.580402 770396.845940 1101219.474783
0 0 0 0 0 0 0
99999.000000 99999.000000 99999.000000 99999.000000 99999.000000 99999.000000
99999.000000 99999.000000 7.336250 7.437500 99999.000000 99999.000000
99999.000000 99999.000000 99999.000000 99999.000000 99999.000000 99999.000000
99999.000000 99999.000000 99999.000000 99999.000000 99999.000000 99999.000000
99999.000000 99999.000000 99999.000000 99999.000000 99999.000000 99999.000000
99999.000000 99999.000000 99999.000000 99999.000000 99999.000000 99999.000000
99999.000000 99999.000000 99999.000000 5.815000 5.820000 10.311250
10.432500 12.035000 10.615000 10.662500 9.150000 9.155000
7.615000 1.527500 2.977500 10.380000 7.645000 99999.000000
99999.000000 99999.000000 99999.000000 99999.000000 99999.000000 99999.000000
99999.000000 99999.000000 99999.000000 99999.000000 99999.000000 99999.000000
99999.000000 99999.000000 99999.000000 99999.000000 99999.000000 5.860000
5.832500 4.397500 8.916250 10.507500 9.080000 6.100000
6.125000 4.607500 6.130000 1.535000 4.987500 9.182500
10.697500 11.765000 12.977500 14.240000 14.082500 12.445000
10.745000 10.797500 11.555000 11.187500 7.865000 3.302500
5.245000 7.306250 99999.000000 99999.000000 99999.000000 99999.000000
99999.000000 2.942500 7.460000 7.532500 7.410000 7.492500
12.113750 9.165000 9.260000 7.677500 6.157500 6.155000
3.072500 7.662500 12.471250 10.672500 10.640000 11.432500
14.190000 10.987500 13.961250 10.717500 11.916250 11.155000
7.742500 4.667500 4.610000 5.122500 6.932500 99999.000000
99999.000000 99999.000000 99999.000000 99999.000000 1.930000 5.877500
5.205000 9.410000 9.440000 10.707500 10.770000 9.322500
9.223750 7.687500 4.603750 7.655000 9.176250 9.147500
9.115000 10.105000 12.760000 12.482500 9.382500 10.695000
12.221250 13.280000 9.741250 9.205000 5.655000 4.205000
4.377500 99999.000000 99999.000000 99999.000000 99999.000000 99999.000000
7.595000 7.267500 4.900000 4.452500 10.905000 11.272500
11.710000 10.652500 12.555000 11.142500 8.052500 6.102500
6.112500 10.662500 9.106250 9.077500 9.072500 14.005000
13.891250 12.197500 10.690000 11.790000 12.688750 10.940000
8.812500 1.980000 2.272500 6.767500 99999.000000 99999.000000
99999.000000 99999.000000 99999.000000 20.445000 20.270000 11.845000
15.457500 18.817500 25.630000 25.617500 24.547500 24.765000
19.257500 13.982500 9.120000 9.095000 10.592500 9.062500
9.048750 9.056250 11.003750 13.627500 11.920000 13.230000
12.930000 12.533750 9.055000 3.947500 1.997500 4.790000
6.317500 99999.000000 99999.000000 99999.000000 99999.000000 99999.000000
99999.000000 18.865000 9.937500 19.640000 20.450000 23.717500
24.207500 24.405000 27.585000 18.113750 16.530000 17.800000
20.170000 23.905000 23.438750 25.781250 26.289166 26.036250
25.915000 29.548750 31.290000 29.528750 19.406250 18.375000
7.572500 3.257500 7.510000 4.562500 99999.000000 99999.000000
99999.000000 99999.000000 99999.000000 99999.000000 11.835000 11.512500
13.132500 15.855000 19.125000 21.552500 24.248750 28.786250
20.757500 20.667500 20.585000 23.972500 25.292500 26.452500
27.685001 26.197500 28.697500 25.575000 28.038750 27.860000
28.506250 16.915000 17.853750 11.010000 2.940000 7.185000
5.745000 99999.000000 99999.000000 99999.000000 99999.000000 99999.000000
99999.000000 99999.000000 13.465000 21.022500 21.250000 17.431250
18.412500 18.311250 18.497500 15.365000 21.186250 22.410000
25.002500 25.017500 24.850000 29.365000 27.370000 28.518750
29.197500 29.405000 27.155000 24.821250 22.915000 17.547500
16.100000 7.140000 6.865000 8.417500 99999.000000 99999.000000
99999.000000 99999.000000 99999.000000 99999.000000 99999.000000 99999.000000
21.222500 18.253750 18.912500 10.970000 19.660000 14.747500
23.455000 20.262500 22.371250 23.642500 26.219999 25.822500
25.960000 25.882500 29.326250 30.752501 28.750000 26.630000
25.400000 20.192500 18.766250 19.110000 8.348750 6.560000
6.590000 99999.000000 99999.000000 99999.000000 99999.000000 99999.000000
99999.000000 99999.000000 99999.000000 99999.000000 19.887500 12.507500
13.325000 19.520000 16.445000 18.492500 18.260000 21.671250
23.402500 23.327500 30.365000 26.925000 27.425000 29.007500
28.526250 31.335001 26.305000 24.972500 15.850000 14.612500
20.380000 8.090000 9.290000 9.252500 99999.000000 99999.000000
99999.000000 99999.000000 99999.000000 99999.000000 99999.000000 99999.000000
99999.000000 15.930000 13.162500 18.802500 17.942500 16.347500
16.352500 19.303750 20.578750 21.785000 19.447500 23.405000
26.945001 30.315001 28.422500 28.155000 30.200000 28.662500
28.625000 16.197500 16.782500 19.195000 9.357500 7.472500
8.960000 99999.000000 99999.000000 99999.000000 99999.000000 99999.000000
99999.000000 99999.000000 99999.000000 99999.000000 99999.000000 11.015000
16.700000 20.267500 17.805000 16.307500 17.816250 20.245000
17.902500 25.730000 28.245000 26.857500 26.537500 28.807500
32.056250 30.332500 28.477500 25.405000 13.135000 15.440000
22.533750 7.672500 7.457500 8.680000 7.502500 99999.000000
99999.000000 99999.000000 99999.000000 99999.000000 99999.000000 99999.000000
99999.000000 99999.000000 99999.000000 15.642500 22.043750 20.747500
17.784999 17.240000 20.852500 22.690001 23.318750 28.268749
26.678750 28.367500 27.747500 26.633750 26.497500 30.801250
20.342500 14.405000 10.120000 22.672500 7.507500 8.726250
5.980000 6.445000 99999.000000 99999.000000 99999.000000 99999.000000
99999.000000 99999.000000 99999.000000 99999.000000 99999.000000 99999.000000
12.682500 20.908750 19.247500 20.367500 16.362501 18.492500
23.291250 25.690000 31.462500 26.635000 26.450000 22.532501
24.667500 23.695000 25.072500 21.552500 11.785000 12.270000
18.200000 5.930000 7.075000 5.967500 5.985000 99999.000000
99999.000000 99999.000000 99999.000000 99999.000000 99999.000000 99999.000000
99999.000000 99999.000000 99999.000000 99999.000000 20.827500 20.647499
19.250000 13.097500 19.385000 25.672500 25.661250 30.415000
27.885000 21.707500 23.701251 24.437500 27.313751 19.920000
23.617500 16.270000 14.992500 14.470000 5.917500 7.427500
5.960000 5.980000 99999.000000 99999.000000 99999.000000 99999.000000
99999.000000 99999.000000 99999.000000 99999.000000 99999.000000 99999.000000
99999.000000 20.728750 25.257500 20.107500 17.850000 19.288750
29.220000 24.313750 31.725000 27.475000 25.987500 24.501251
23.438750 24.058751 22.842500 23.670000 17.431250 26.125000
23.799999 8.270000 7.620000 5.962500 5.972500 99999.000000
99999.000000 99999.000000 99999.000000 99999.000000 99999.000000 99999.000000
99999.000000 99999.000000 99999.000000 99999.000000 99999.000000 20.523750
12.545000 16.407500 16.955000 24.097500 26.470000 31.177500
24.507500 26.047500 24.020000 19.343750 23.067500 24.830001
20.532501 12.367500 22.965000 27.520000 13.887500 5.930000
5.955000 5.961250 99999.000000 99999.000000 99999.000000 99999.000000
99999.000000 99999.000000 99999.000000 99999.000000 99999.000000 99999.000000
99999.000000 99999.000000 15.257500 15.741250 15.037500 13.720000
23.953750 29.696251 31.465000 29.980000 28.597500 24.403751
21.558750 24.433750 24.407500 24.022500 12.922500 21.340000
29.532500 15.672500 5.927500 5.941250 5.950000 99999.000000
99999.000000 99999.000000 99999.000000 99999.000000 99999.000000 99999.000000
99999.000000 99999.000000 99999.000000 99999.000000 99999.000000 2.355000
21.392500 17.272500 14.235000 22.423750 32.702500 31.697500
30.240000 28.785000 25.561250 25.398750 26.353750 21.588750
15.052500 17.342500 24.752500 25.710000 22.992500 4.445000
2.970000 7.978750 99999.000000 99999.000000 99999.000000 99999.000000
99999.000000 99999.000000 99999.000000 99999.000000 99999.000000 99999.000000
99999.000000 99999.000000 99999.000000 15.277500 16.038750 15.125000
27.066250 30.333750 31.422500 31.492500 29.995001 25.455000
26.497501 23.477500 22.612500 21.772500 23.251250 25.547499
26.755000 22.772500 4.435000 2.957500 6.537500 99999.000000
99999.000000 99999.000000 99999.000000 99999.000000 99999.000000 99999.000000
99999.000000 99999.000000 99999.000000 99999.000000 99999.000000 99999.000000
14.790000 14.566250 17.752500 25.282500 29.861251 33.680001
29.575000 29.660000 29.676250 23.018750 22.978750 23.623749
22.853750 26.253750 26.545000 28.052499 26.954999 2.945000
2.947500 6.600000 99999.000000 99999.000000 99999.000000 99999.000000
99999.000000 99999.000000 99999.000000 99999.000000 99999.000000 99999.000000
99999.000000 99999.000000 99999.000000 2.377500 18.341250 20.180000
28.448750 32.382500 28.255000 30.777500 27.852500 29.261250
22.436250 23.922500 21.691250 22.483750 25.627500 27.987500
22.667500 25.590000 1.465000 5.865000 6.497500 99999.000000
99999.000000 99999.000000 99999.000000 99999.000000 99999.000000 99999.000000
99999.000000 99999.000000 99999.000000 99999.000000 99999.000000 99999.000000
99999.000000 13.807500 23.072500 23.467500 30.801250 28.117500
35.065000 31.857500 25.310000 23.290000 25.751250 27.446250
29.380000 28.216250 26.100000 26.092500 24.922500 99999.000000
4.382500 6.845000 99999.000000 99999.000000 99999.000000 99999.000000
99999.000000 99999.000000 99999.000000 99999.000000 99999.000000 99999.000000
99999.000000 99999.000000 99999.000000 99999.000000 32.567500 25.955000
29.747500 30.790000 33.312500 39.012499 29.951250 21.349999
22.652500 28.212500 24.725000 29.902499 30.405000 29.862500
24.175000 21.602500 99999.000000 4.372500 5.840000 99999.000000
99999.000000 99999.000000 99999.000000 99999.000000 99999.000000 99999.000000
99999.000000 99999.000000 99999.000000 99999.000000 99999.000000 99999.000000
99999.000000 30.320000 30.125000 32.770001 36.472499 32.238750
38.226250 31.512499 25.978749 26.665000 26.345000 28.742500
27.545000 35.305000 29.897500 23.925000 13.982500 4.370000
2.912500 99999.000000 99999.000000 99999.000000 99999.000000 99999.000000
99999.000000 99999.000000 99999.000000 99999.000000 99999.000000 99999.000000
99999.000000 99999.000000 99999.000000 99999.000000 29.104999 25.467500
29.655000 36.892500 31.924999 36.705000 30.853749 26.591249
30.715000 27.565000 35.430000 30.450000 35.842501 26.422500
23.872500 22.965000 99999.000000 99999.000000 1.910000 99999.000000
99999.000000 99999.000000 99999.000000 99999.000000 99999.000000 99999.000000
99999.000000 99999.000000 99999.000000 99999.000000 99999.000000 99999.000000
99999.000000 27.718750 30.610000 25.972500 25.797500 33.407500
34.315000 34.195000 28.618750 33.840000 39.035000 33.145000
29.072500 30.970000 23.867500 18.312500 9.300000 2.330000
2.547500 4.195000 99999.000000 99999.000000 99999.000000 99999.000000
99999.000000 99999.000000 99999.000000 99999.000000 99999.000000 99999.000000
99999.000000 99999.000000 99999.000000 99999.000000 23.417500 20.940000
25.735000 22.602500 28.737500 39.996249 29.093750 28.541250
34.740000 37.740001 36.397501 31.597501 26.180001 22.962500
11.325000 4.645000 5.842500 4.650000 4.852500 99999.000000
99999.000000 99999.000000 99999.000000 99999.000000 99999.000000 99999.000000
99999.000000 99999.000000 99999.000000 99999.000000 99999.000000 99999.000000
7.135000 22.477500 20.198750 25.450000 26.862500 33.190000
36.273750 27.065000 36.353750 39.610000 37.955001 34.022500
35.630000 29.045000 22.947500 7.550000 4.590000 3.327500
3.082500 2.910000 99999.000000 99999.000000 99999.000000 99999.000000
99999.000000 99999.000000 99999.000000 99999.000000 99999.000000 99999.000000
99999.000000 99999.000000 99999.000000 32.413750 38.740000 23.601250
29.972500 34.505000 34.355000 26.213750 30.080001 35.712500
36.330001 39.417500 35.297500 33.712501 24.367500 15.385000
12.190000 2.900000 5.580000 2.950000 7.267500 99999.000000
99999.000000 99999.000000 99999.000000 99999.000000 99999.000000 99999.000000
99999.000000 99999.000000 99999.000000 99999.000000 99999.000000 2.385000
35.225000 27.957500 30.952500 34.822499 29.295000 30.610000
26.782500 33.655000 34.250000 37.122500 33.884999 29.895000
30.547500 18.246251 15.948750 13.632500 2.900000 2.895000
4.355000 4.765000 99999.000000 99999.000000 99999.000000 99999.000000
99999.000000 99999.000000 99999.000000 99999.000000 99999.000000 99999.000000
99999.000000 99999.000000 16.790000 34.099999 29.235000 27.112500
30.495000 33.243750 26.858750 31.820001 37.317501 35.470000
36.767500 34.011249 27.597500 21.943750 20.536250 19.007500
5.212500 4.345000 7.237500 5.790000 2.900000 99999.000000
99999.000000 99999.000000 99999.000000 99999.000000 99999.000000 99999.000000
99999.000000 99999.000000 99999.000000 99999.000000 99999.000000 26.261250
30.766250 28.623750 25.894999 35.202500 32.263750 30.927500
33.997500 32.059999 37.017500 37.247500 32.878750 23.331250
23.345000 19.615000 19.093750 11.015000 7.226250 99999.000000
7.220000 4.335000 99999.000000 99999.000000 99999.000000 99999.000000
99999.000000 99999.000000 99999.000000 99999.000000 99999.000000 99999.000000
99999.000000 99999.000000 28.942500 32.465000 26.541250 28.157500
37.641250 33.476250 32.513750 29.120000 34.172501 41.050001
38.727500 32.387500 25.607500 22.438750 17.192500 19.712500
14.171250 3.132500 6.656250 5.770000 5.770000 99999.000000
99999.000000 99999.000000 99999.000000 99999.000000 99999.000000 99999.000000
99999.000000 99999.000000 99999.000000 99999.000000 99999.000000 31.662500
29.742500 30.977500 27.182500 34.273750 33.765000 37.292500
33.502500 40.565000 43.022500 38.761250 30.853750 21.852500
23.162500 13.807500 10.833750 8.660000 2.882500 4.320000
5.760000 4.327500 99999.000000 99999.000000 99999.000000 99999.000000
99999.000000 99999.000000 99999.000000 99999.000000 99999.000000 99999.000000
99999.000000 99999.000000 26.887500 32.555000 23.135000 27.767500
37.515000 36.523750 39.807500 31.177500 42.155000 41.845001
41.517500 34.362500 24.557500 22.390000 19.235000 16.465000
17.360000 1.437500 2.880000 4.322500 2.890000 99999.000000
99999.000000 99999.000000 99999.000000 99999.000000 99999.000000 99999.000000
99999.000000 99999.000000 99999.000000 99999.000000 99999.000000 20.851250
30.732500 30.601250 30.412501 40.415000 40.593750 44.938750
35.965000 43.000001 40.488751 40.411250 33.070000 25.462499
23.480000 24.133750 18.112500 18.002500 4.555000 1.450000
2.897500 4.347500 99999.000000 99999.000000 99999.000000 99999.000000
99999.000000 99999.000000 99999.000000 99999.000000 99999.000000 99999.000000
99999.000000 99999.000000 26.741250 29.295000 31.803750 33.197499
37.992500 38.095000 40.391251 36.490000 38.632501 38.632500
40.840000 36.903749 28.457500 26.403750 25.710000 20.660000
15.425000 2.320000 7.207500 2.912500 99999.000000 99999.000000
99999.000000 99999.000000 99999.000000 99999.000000 99999.000000 99999.000000
99999.000000 99999.000000 99999.000000 99999.000000 99999.000000 28.525001
33.493750 28.060000 34.867500 38.615000 43.398750 44.860000
34.888750 38.328751 40.042500 41.073750 38.795000 30.183750
29.915000 26.910000 22.977500 11.712500 4.350000 1.457500
99999.000000 1.467500 99999.000000 99999.000000 99999.000000 99999.000000
99999.000000 99999.000000 99999.000000 99999.000000 99999.000000 99999.000000
99999.000000 99999.000000 9.197500 31.395000 32.728750 40.955000
40.919999 41.185000 43.545000 34.780000 37.680000 35.965000
39.025001 38.277500 34.653750 29.852500 28.482500 28.645000
26.920000 1.965000 2.012500 2.055000 2.082500 99999.000000
99999.000000 99999.000000 99999.000000 99999.000000 99999.000000 99999.000000
99999.000000 99999.000000 99999.000000 99999.000000 99999.000000 99999.000000
25.635000 29.001249 28.792500 34.817500 36.922500 44.497499
33.856250 37.017500 33.307500 36.492500 38.610000 35.665000
29.325000 30.625000 35.076250 28.651250 3.107500 0.210000
0.670000 99999.000000 99999.000000 99999.000000 99999.000000 99999.000000
99999.000000 99999.000000 99999.000000 99999.000000 99999.000000 99999.000000
99999.000000 99999.000000 99999.000000 15.222500 20.380000 21.825000
35.385000 30.942500 41.286250 35.850000 36.885000 37.852501
37.828750 42.007500 38.980000 34.472499 29.673750 34.727500
26.282500 2.382500 0.961250 8.522500 99999.000000 99999.000000
99999.000000 99999.000000 99999.000000 99999.000000 99999.000000 99999.000000
99999.000000 99999.000000 99999.000000 99999.000000 99999.000000 99999.000000
4.662500 18.212500 19.617500 36.702500 34.452500 37.716250
34.397500 35.598750 36.850000 37.442500 38.572500 36.486249
29.410000 33.023750 34.258750 22.860000 2.437500 2.462500
4.500000 99999.000000 99999.000000 99999.000000 99999.000000 99999.000000
99999.000000 99999.000000 99999.000000 99999.000000 99999.000000 99999.000000
99999.000000 99999.000000 99999.000000 99999.000000 14.547500 19.197500
30.457500 28.971250 40.284999 34.821250 35.873749 35.872499
36.570000 37.697500 36.885000 32.868750 32.591249 28.710000
21.282501 99999.000000 1.335000 2.367500 99999.000000 99999.000000
99999.000000 99999.000000 99999.000000 99999.000000 99999.000000 99999.000000
99999.000000 99999.000000 99999.000000 99999.000000 99999.000000 99999.000000
99999.000000 99999.000000 21.923750 27.317500 27.071250 33.853750
32.452500 32.409999 34.712500 32.982500 38.347500 35.985000
37.527499 31.746250 18.155000 17.792500 1.377500 2.332500
6.047500 99999.000000 99999.000000 99999.000000 99999.000000 99999.000000
99999.000000 99999.000000 99999.000000 99999.000000 99999.000000 99999.000000
99999.000000 99999.000000 99999.000000 99999.000000 99999.000000 6.835000
27.667500 27.728750 33.586250 31.942500 32.305000 34.136250
35.055000 35.692500 36.106249 32.301250 22.625000 16.863750
8.885000 5.615000 3.325000 99999.000000 99999.000000 99999.000000
99999.000000 99999.000000 99999.000000 99999.000000 99999.000000 99999.000000
99999.000000 99999.000000 99999.000000 99999.000000 99999.000000 99999.000000
99999.000000 99999.000000 99999.000000 29.626250 16.752500 34.162500
30.821250 29.587500 32.152500 32.995000 35.501250 33.018751
31.995000 25.840000 13.860000 5.985000 99999.000000 99999.000000
99999.000000 99999.000000 99999.000000 99999.000000 99999.000000 99999.000000
99999.000000 99999.000000 99999.000000 99999.000000 99999.000000 99999.000000
99999.000000 99999.000000 99999.000000 99999.000000 99999.000000 99999.000000
15.352500 18.946250 30.658750 31.846250 33.245000 28.643750
29.175000 31.115000 32.180000 29.558750 27.135000 17.937500
4.460000 99999.000000 99999.000000 99999.000000 99999.000000 99999.000000
99999.000000 99999.000000 99999.000000 99999.000000 99999.000000 99999.000000
99999.000000 99999.000000 99999.000000 99999.000000 99999.000000 99999.000000
99999.000000 99999.000000 99999.000000 10.025000 25.156250 32.053750
31.123750 26.727500 25.562500 27.177500 29.700000 35.365000
29.822500 26.066250 22.072500 99999.000000 99999.000000 99999.000000
99999.000000 99999.000000 99999.000000 99999.000000 99999.000000 99999.000000
99999.000000 99999.000000 99999.000000 99999.000000 99999.000000 99999.000000
99999.000000 99999.000000 99999.000000 99999.000000 99999.000000 99999.000000
99999.000000 22.831250 28.930000 27.787500 19.713750 19.632500
20.520000 25.126250 31.797500 28.791250 27.537500 99999.000000
99999.000000 99999.000000 99999.000000 99999.000000 99999.000000 99999.000000
99999.000000 99999.000000 99999.000000 99999.000000 99999.000000 99999.000000
99999.000000 99999.000000 99999.000000 99999.000000 99999.000000 99999.000000
99999.000000 99999.000000 99999.000000 99999.000000 17.042500 15.995000
18.035000 12.790000 13.492500 15.695000 14.913750 20.872500
22.751250 99999.000000 99999.000000 99999.000000 99999.000000 99999.000000
99999.000000 99999.000000 99999.000000 99999.000000 99999.000000 99999.000000
99999.000000 99999.000000 99999.000000 99999.000000 99999.000000 99999.000000
99999.000000 99999.000000 99999.000000 99999.000000 99999.000000 99999.000000
99999.000000 14.673750 17.575000 18.255000 11.581250 10.067500
11.617500 14.737500 20.065000 99999.000000 99999.000000 99999.000000
99999.000000 99999.000000 99999.000000 99999.000000 99999.000000 99999.000000
99999.000000 99999.000000 99999.000000 99999.000000 99999.000000 99999.000000
99999.000000 99999.000000 99999.000000 99999.000000 99999.000000 99999.000000
99999.000000 99999.000000 99999.000000 5.827500 10.032500 14.782500
16.926250 13.387500 11.565000 7.322500 4.425000 99999.000000
99999.000000 99999.000000 99999.000000 99999.000000 99999.000000 99999.000000
99999.000000 99999.000000 99999.000000 99999.000000 99999.000000 99999.000000
99999.000000 99999.000000 99999.000000 99999.000000 99999.000000 99999.000000
99999.000000 99999.000000 99999.000000 99999.000000 99999.000000 99999.000000
10.202500 10.482500 14.838750 16.923750 13.955000 14.635000
99999.000000 99999.000000 99999.000000 99999.000000 99999.000000 99999.000000
99999.000000 99999.000000 99999.000000 99999.000000 99999.000000 99999.000000
99999.000000 99999.000000 99999.000000 99999.000000 99999.000000 99999.000000
99999.000000 99999.000000 99999.000000 99999.000000 99999.000000 99999.000000
99999.000000 99999.000000 99999.000000 5.792500 10.555000 16.371250
15.907500 13.483750 99999.000000 99999.000000 99999.000000 99999.000000
99999.000000 99999.000000 99999.000000 99999.000000 99999.000000 99999.000000
99999.000000 99999.000000 99999.000000 99999.000000 99999.000000 99999.000000
99999.000000 99999.000000 99999.000000 99999.000000 99999.000000 99999.000000
99999.000000 99999.000000 99999.000000 99999.000000 99999.000000 99999.000000
6.480000 12.027500 17.947500 12.653750 99999.000000 99999.000000
99999.000000 99999.000000 99999.000000 99999.000000 99999.000000 99999.000000
99999.000000 99999.000000 99999.000000 99999.000000 99999.000000 99999.000000
99999.000000 99999.000000 99999.000000 99999.000000 99999.000000 99999.000000
99999.000000 99999.000000 99999.000000 99999.000000 99999.000000 99999.000000
99999.000000 99999.000000 99999.000000 99999.000000 99999.000000 99999.000000
99999.000000 99999.000000 99999.000000 99999.000000 99999.000000 99999.000000
99999.000000 99999.000000 99999.000000 99999.000000 99999.000000 99999.000000
99999.000000 99999.000000 99999.000000 99999.000000 99999.000000 99999.000000
99999.000000 99999.000000 99999.000000 99999.000000 99999.000000 99999.000000
99999.000000 99999.000000 99999.000000 99999.000000 99999.000000 99999.000000
99999.000000 99999.000000 99999.000000 99999.000000 99999.000000 99999.000000
99999.000000 99999.000000 99999.000000 99999.000000 99999.000000 99999.000000
99999.000000 99999.000000 99999.000000 99999.000000 99999.000000 99999.000000
