-996 60 100 100
770396.845940 773596.845940 1101219.474783 1107119.474783
33 21.580402 770396.845940 1101219.474783
0 0 0 0 0 0 0
9999900.000000 9999900.000000 9999900.000000 9999900.000000 9999900.000000 9999900.000000
9999900.000000 0.000000 0.051192 0.051444 0.000000 9999900.000000
9999900.000000 9999900.000000 9999900.000000 9999900.000000 9999900.000000 9999900.000000
9999900.000000 9999900.000000 9999900.000000 9999900.000000 9999900.000000 9999900.000000
9999900.000000 9999900.000000 9999900.000000 9999900.000000 9999900.000000 9999900.000000
9999900.000000 9999900.000000 9999900.000000 0.000000 0.000000 0.000000
0.000000 9999900.000000 9999900.000000 0.040921 0.032427 0.073998
0.063312 0.069577 0.043022 0.057318 0.057353 0.047897
0.046213 0.009409 0.021883 0.049393 0.041539 0.000000
0.000000 0.000000 0.000000 0.000000 0.000000 0.000000
0.000000 0.000000 0.000000 0.000000 0.000000 9999900.000000
0.000000 0.000000 0.000000 9999900.000000 9999900.000000 0.022767
0.024488 0.022022 0.062918 0.054655 0.046438 0.032011
0.028671 0.026260 0.026919 0.008984 0.030556 0.053620
0.072873 0.077868 0.056906 0.053546 0.054521 0.056652
0.060965 0.052194 0.042165 0.060113 0.042803 0.015124
0.028262 0.040400 9999900.000000 0.000000 0.000000 0.000000
9999900.000000 0.018444 0.044484 0.052712 0.049113 0.030619
0.062705 0.060105 0.043089 0.046873 0.026904 0.023830
0.018262 0.041869 0.080217 0.060412 0.062974 0.063081
0.092007 0.050463 0.059762 0.083320 0.082569 0.072074
0.053673 0.025997 0.019192 0.029189 0.075947 9999900.000000
0.000000 0.000000 9999900.000000 0.000000 0.013075 0.037005
0.031123 0.034391 0.062948 0.065437 0.068053 0.042099
0.060963 0.044900 0.032728 0.031279 0.060199 0.051074
0.045062 0.065863 0.058811 0.080963 0.049085 0.060896
0.075736 0.066112 0.066476 0.050873 0.024152 0.031175
0.023958 9999900.000000 9999900.000000 0.000000 9999900.000000 9999900.000000
0.043375 0.029559 0.032530 0.027308 0.068630 0.046502
0.064692 0.058065 0.084224 0.040274 0.027117 0.027789
0.019295 0.046579 0.055165 0.042396 0.052211 0.072553
0.083656 0.068840 0.061970 0.070444 0.061198 0.057716
0.038864 0.010968 0.006537 0.027343 9999900.000000 9999900.000000
9999900.000000 9999900.000000 0.000000 0.096056 0.111105 0.073015
0.086328 0.112346 0.162083 0.123997 0.140720 0.111439
0.109161 0.071904 0.045691 0.049015 0.064240 0.033199
0.055930 0.047547 0.062657 0.085067 0.065435 0.063645
0.045012 0.083574 0.060656 0.022948 0.010768 0.033377
0.027882 9999900.000000 9999900.000000 9999900.000000 9999900.000000 0.000000
0.000000 0.119034 0.061281 0.095166 0.122152 0.158310
0.132913 0.147775 0.137584 0.111012 0.095604 0.097198
0.083647 0.117535 0.130207 0.127831 0.153630 0.145570
0.143042 0.123078 0.178975 0.153483 0.126720 0.097600
0.038571 0.021817 0.043730 0.018353 9999900.000000 9999900.000000
9999900.000000 9999900.000000 0.000000 0.000000 0.085029 0.074797
0.070537 0.085124 0.113471 0.132856 0.114678 0.178966
0.128584 0.123354 0.099377 0.125525 0.123149 0.109300
0.170978 0.134759 0.165292 0.118997 0.129080 0.135938
0.138325 0.092410 0.109360 0.046855 0.018665 0.042409
0.023087 9999900.000000 9999900.000000 9999900.000000 9999900.000000 0.000000
0.000000 0.000000 0.079997 0.126216 0.113471 0.089199
0.099972 0.099884 0.104360 0.089263 0.102926 0.136989
0.125796 0.133770 0.135544 0.157944 0.125179 0.155139
0.155495 0.173387 0.140803 0.142248 0.103488 0.097579
0.063846 0.045949 0.043236 0.064695 9999900.000000 9999900.000000
9999900.000000 9999900.000000 0.000000 0.000000 0.000000 0.000000
0.096741 0.095103 0.075782 0.049935 0.093783 0.083323
0.147899 0.127476 0.125155 0.134904 0.148454 0.138649
0.158680 0.129637 0.165567 0.175413 0.169348 0.109563
0.148640 0.104128 0.111990 0.120259 0.058031 0.031150
0.040151 9999900.000000 9999900.000000 9999900.000000 9999900.000000 0.000000
0.000000 0.000000 0.000000 0.000000 0.098188 0.069867
0.079262 0.100185 0.095207 0.117939 0.087213 0.107197
0.107180 0.092358 0.155510 0.153743 0.153268 0.151965
0.151850 0.155652 0.133604 0.143671 0.094361 0.082531
0.111742 0.045354 0.047980 0.060568 9999900.000000 9999900.000000
9999900.000000 9999900.000000 0.000000 0.000000 0.000000 0.000000
0.000000 0.113075 0.069639 0.129242 0.098401 0.074600
0.102455 0.124376 0.086158 0.105887 0.105731 0.139051
0.116968 0.173027 0.141985 0.130889 0.140120 0.165023
0.148194 0.091516 0.092930 0.116500 0.054630 0.043655
0.035500 9999900.000000 9999900.000000 9999900.000000 9999900.000000 0.000000
0.000000 0.000000 0.000000 0.000000 0.000000 0.066309
0.088518 0.125793 0.104063 0.098175 0.097318 0.121294
0.104145 0.150651 0.184964 0.166860 0.127011 0.160038
0.175123 0.171101 0.151874 0.125561 0.084560 0.088389
0.118215 0.043475 0.051677 0.050095 0.122732 9999900.000000
9999900.000000 9999900.000000 0.000000 0.000000 0.000000 0.000000
0.000000 0.000000 0.000000 0.078008 0.130274 0.118708
0.074998 0.094497 0.131743 0.117473 0.165679 0.181855
0.119009 0.164042 0.105056 0.126277 0.121606 0.155868
0.102110 0.083430 0.055675 0.106652 0.034240 0.057587
0.043962 0.057787 9999900.000000 9999900.000000 9999900.000000 0.000000
0.000000 0.000000 0.000000 0.000000 0.000000 0.000000
0.095774 0.104746 0.112445 0.091876 0.084939 0.085218
0.129089 0.159047 0.146337 0.130564 0.155845 0.108562
0.121051 0.118902 0.139101 0.109404 0.055459 0.073104
0.096799 0.025133 0.032773 0.019667 0.037664 9999900.000000
9999900.000000 9999900.000000 0.000000 0.000000 0.000000 0.000000
0.000000 0.000000 0.000000 9999900.000000 0.109323 0.115426
0.081197 0.080694 0.114650 0.150591 0.154685 0.146871
0.163161 0.101806 0.123626 0.129449 0.146342 0.102733
0.105321 0.095078 0.091555 0.079457 0.039476 0.042688
0.043453 0.039547 9999900.000000 9999900.000000 9999900.000000 0.000000
0.000000 0.000000 0.000000 0.000000 0.000000 0.000000
0.000000 0.107750 0.141145 0.109656 0.081142 0.090920
0.173116 0.129927 0.176212 0.162055 0.149677 0.138485
0.132267 0.132878 0.109981 0.123051 0.093420 0.131835
0.121562 0.038237 0.035829 0.021694 0.047905 9999900.000000
9999900.000000 9999900.000000 0.000000 0.000000 0.000000 0.000000
0.000000 0.000000 0.000000 0.000000 0.000000 0.106556
0.052327 0.089272 0.100801 0.130546 0.149698 0.138293
0.132281 0.147296 0.126921 0.099740 0.106727 0.088022
0.103711 0.059869 0.108856 0.141721 0.062882 0.039691
0.034800 0.032707 9999900.000000 9999900.000000 9999900.000000 0.000000
0.000000 0.000000 0.000000 0.000000 0.000000 0.000000
0.000000 0.000000 0.051513 0.098769 0.075819 0.062732
0.137174 0.167451 0.136048 0.178937 0.126496 0.151167
0.136606 0.129535 0.124463 0.145162 0.065359 0.124756
0.164803 0.073206 0.036972 0.051483 0.045078 9999900.000000
0.000000 9999900.000000 0.000000 0.000000 0.000000 0.000000
0.000000 0.000000 0.000000 0.000000 0.000000 0.008900
0.126389 0.094300 0.090438 0.113542 0.168022 0.131473
0.134412 0.150880 0.143361 0.123611 0.131227 0.112947
0.085972 0.095361 0.124119 0.138466 0.120822 0.020754
0.016577 0.033627 9999900.000000 0.000000 9999900.000000 0.000000
0.000000 0.000000 0.000000 0.000000 0.000000 0.000000
0.000000 0.000000 0.000000 0.075765 0.076377 0.089376
0.132799 0.169023 0.174467 0.147253 0.168525 0.143668
0.120381 0.120873 0.126667 0.140037 0.120343 0.121571
0.135737 0.130305 0.016433 0.015498 0.031479 9999900.000000
0.000000 9999900.000000 0.000000 0.000000 0.000000 0.000000
0.000000 0.000000 0.000000 0.000000 0.000000 0.000000
0.068624 0.075475 0.088123 0.135466 0.159537 0.164917
0.154269 0.142012 0.150774 0.116063 0.131039 0.106103
0.132256 0.131112 0.152551 0.136199 0.081144 0.014132
0.020302 0.040065 9999900.000000 0.000000 0.000000 0.000000
0.000000 0.000000 0.000000 0.000000 0.000000 0.000000
0.000000 0.000000 0.000000 0.015164 0.095356 0.085610
0.152439 0.162694 0.138453 0.148903 0.135237 0.149953
0.100339 0.139645 0.108534 0.131199 0.126705 0.183851
0.134348 0.125990 0.008308 0.046041 0.030251 9999900.000000
0.000000 0.000000 0.000000 0.000000 0.000000 0.000000
0.000000 0.000000 0.000000 0.000000 0.000000 0.000000
9999900.000000 0.058453 0.095891 0.122412 0.185904 0.119361
0.163477 0.158342 0.151661 0.103348 0.141494 0.136590
0.159731 0.148020 0.128119 0.115017 0.127097 0.000000
0.023085 0.035317 9999900.000000 0.000000 0.000000 0.000000
0.000000 0.000000 0.000000 0.000000 0.000000 0.000000
0.000000 0.000000 0.000000 0.000000 0.126615 0.121593
0.155191 0.149172 0.142351 0.204471 0.163389 0.119344
0.110870 0.122692 0.102861 0.134833 0.164139 0.163022
0.155792 0.090926 0.000000 0.028468 0.026981 9999900.000000
0.000000 0.000000 0.000000 0.000000 0.000000 0.000000
0.000000 0.000000 0.000000 0.000000 0.000000 0.000000
0.000000 0.106963 0.127557 0.154553 0.185887 0.145672
0.197575 0.172168 0.135378 0.142617 0.135738 0.157292
0.145179 0.177210 0.142113 0.099475 0.077618 0.024396
0.013322 0.000000 9999900.000000 0.000000 0.000000 0.000000
0.000000 0.000000 0.000000 0.000000 0.000000 0.000000
0.000000 0.000000 0.000000 0.000000 0.131330 0.112087
0.145532 0.174068 0.128530 0.176626 0.166145 0.127851
0.138789 0.142592 0.159321 0.137854 0.149228 0.130182
0.122052 0.084530 0.000000 0.000000 0.004810 9999900.000000
0.000000 0.000000 0.000000 0.000000 0.000000 0.000000
0.000000 0.000000 0.000000 0.000000 0.000000 0.000000
0.000000 0.132012 0.123712 0.130757 0.123451 0.158573
0.172284 0.156360 0.142650 0.156143 0.183291 0.169460
0.133581 0.145579 0.107488 0.072468 0.044611 0.010847
0.017612 0.018767 9999900.000000 0.000000 9999900.000000 0.000000
0.000000 0.000000 0.000000 0.000000 0.000000 0.000000
0.000000 0.000000 0.000000 0.000000 0.097580 0.093095
0.113722 0.109007 0.126679 0.188324 0.124293 0.148831
0.161142 0.171468 0.188363 0.159444 0.126200 0.111641
0.037745 0.015449 0.032754 0.011108 0.012244 9999900.000000
0.000000 9999900.000000 0.000000 0.000000 0.000000 0.000000
0.000000 0.000000 0.000000 0.000000 0.000000 0.000000
0.068263 0.097477 0.087879 0.113792 0.119394 0.161246
0.194251 0.130387 0.145027 0.185895 0.148086 0.138407
0.147699 0.111945 0.094456 0.028675 0.024366 0.016286
0.016413 0.011372 9999900.000000 9999900.000000 9999900.000000 0.000000
0.000000 0.000000 0.000000 0.000000 0.000000 0.000000
0.000000 0.000000 0.000000 0.134131 0.182847 0.119908
0.121988 0.137951 0.165284 0.134657 0.158588 0.162348
0.133149 0.180294 0.179083 0.147721 0.127518 0.076177
0.066545 0.012964 0.021767 0.011233 0.033506 9999900.000000
9999900.000000 0.000000 0.000000 0.000000 0.000000 0.000000
0.000000 0.000000 0.000000 0.000000 0.000000 0.099814
0.168697 0.143835 0.117867 0.164716 0.130655 0.160367
0.117432 0.169508 0.140260 0.160520 0.177835 0.143956
0.151554 0.101560 0.082518 0.053346 0.012446 0.016353
0.023723 0.018972 9999900.000000 9999900.000000 0.000000 0.000000
0.000000 0.000000 0.000000 0.000000 0.000000 0.000000
0.000000 0.000000 0.089600 0.166050 0.135550 0.170164
0.147242 0.172383 0.135447 0.136836 0.158059 0.169279
0.164123 0.161278 0.154662 0.100697 0.116164 0.095451
0.023321 0.021734 0.039855 0.029572 0.009423 9999900.000000
9999900.000000 0.000000 0.000000 0.000000 0.000000 0.000000
0.000000 0.000000 0.000000 0.000000 0.000000 0.140667
0.148711 0.131180 0.123138 0.180701 0.151930 0.152652
0.131993 0.126472 0.157579 0.170344 0.152756 0.116564
0.114997 0.116052 0.077634 0.050358 0.038081 0.000000
0.032728 0.019283 9999900.000000 9999900.000000 0.000000 0.000000
0.000000 0.000000 0.000000 0.000000 0.000000 0.000000
0.000000 9999900.000000 0.146181 0.179979 0.129099 0.141654
0.192168 0.157212 0.141070 0.104775 0.138334 0.185206
0.190241 0.167657 0.118044 0.119751 0.080303 0.084791
0.047061 0.012336 0.037456 0.024744 0.024912 9999900.000000
9999900.000000 0.000000 0.000000 0.000000 0.000000 0.000000
0.000000 0.000000 0.000000 0.000000 9999900.000000 0.166788
0.178209 0.145066 0.115368 0.173856 0.159846 0.175177
0.121475 0.167985 0.171787 0.202466 0.146975 0.105391
0.082592 0.067324 0.048023 0.038350 0.011758 0.024565
0.029135 0.017090 9999900.000000 9999900.000000 0.000000 0.000000
0.000000 0.000000 0.000000 0.000000 0.000000 0.000000
0.000000 9999900.000000 0.139465 0.167855 0.122458 0.111000
0.167079 0.170906 0.188830 0.137179 0.168529 0.185037
0.169989 0.135421 0.105067 0.094728 0.085598 0.078816
0.085531 0.005936 0.012039 0.022720 0.012434 9999900.000000
9999900.000000 0.000000 0.000000 0.000000 0.000000 0.000000
0.000000 0.000000 0.000000 0.000000 9999900.000000 0.113336
0.131763 0.170955 0.144656 0.204897 0.173816 0.209481
0.134209 0.182428 0.177753 0.183146 0.155525 0.105772
0.092088 0.118921 0.080502 0.060486 0.018947 0.006497
0.017697 0.019513 9999900.000000 9999900.000000 0.000000 0.000000
0.000000 0.000000 0.000000 0.000000 0.000000 0.000000
0.000000 0.000000 0.157027 0.138992 0.154217 0.176927
0.177118 0.149903 0.178609 0.152460 0.148377 0.182011
0.153748 0.150203 0.114677 0.100700 0.132043 0.074160
0.062761 0.008074 0.022196 0.006364 0.000000 9999900.000000
9999900.000000 0.000000 0.000000 0.000000 0.000000 0.000000
0.000000 0.000000 0.000000 0.000000 0.000000 0.204826
0.196925 0.138427 0.159003 0.172179 0.195500 0.199013
0.159003 0.176154 0.202436 0.133442 0.158318 0.144565
0.126257 0.115424 0.096912 0.059133 0.019681 0.003472
0.000000 0.010016 9999900.000000 9999900.000000 0.000000 0.000000
0.000000 0.000000 0.000000 0.000000 0.000000 0.000000
0.000000 0.000000 0.149049 0.188742 0.149086 0.180280
0.197321 0.173267 0.184250 0.185141 0.154498 0.160107
0.172243 0.155198 0.131352 0.105577 0.123833 0.121692
0.126859 0.006748 0.007813 0.007384 0.026144 9999900.000000
9999900.000000 0.000000 0.000000 0.000000 0.000000 0.000000
0.000000 0.000000 0.000000 0.000000 0.000000 9999900.000000
0.129842 0.132316 0.130119 0.167312 0.198845 0.215990
0.150210 0.146309 0.124903 0.165227 0.162138 0.133588
0.128729 0.124582 0.154183 0.112522 0.011860 0.000988
0.002860 9999900.000000 9999900.000000 9999900.000000 0.000000 0.000000
0.000000 0.000000 0.000000 0.000000 0.000000 0.000000
0.000000 0.000000 0.000000 0.063452 0.091959 0.121884
0.182307 0.164061 0.183002 0.159321 0.138561 0.191668
0.150177 0.164274 0.151796 0.160745 0.117259 0.136803
0.111082 0.007879 0.010106 0.044344 9999900.000000 9999900.000000
9999900.000000 0.000000 0.000000 0.000000 0.000000 0.000000
0.000000 0.000000 0.000000 0.000000 0.000000 0.000000
0.178922 0.080849 0.110489 0.171378 0.198432 0.190666
0.165773 0.168737 0.171465 0.168947 0.164095 0.142030
0.111999 0.137194 0.150676 0.089380 0.014512 0.012812
0.019997 9999900.000000 9999900.000000 9999900.000000 0.000000 0.000000
0.000000 0.000000 0.000000 0.000000 0.000000 0.000000
0.000000 0.000000 0.000000 0.000000 0.074587 0.093499
0.162915 0.140119 0.206415 0.155558 0.162504 0.154708
0.165085 0.150963 0.157067 0.147255 0.162811 0.115360
0.109117 0.000000 0.006220 0.014817 9999900.000000 9999900.000000
9999900.000000 0.000000 0.000000 0.000000 0.000000 0.000000
0.000000 0.000000 0.000000 0.000000 0.000000 0.000000
0.000000 9999900.000000 0.133727 0.133311 0.142786 0.147439
0.171854 0.161235 0.159034 0.139376 0.195217 0.166911
0.162226 0.160416 0.086528 0.083041 0.006100 0.005894
0.023935 9999900.000000 9999900.000000 9999900.000000 0.000000 0.000000
0.000000 0.000000 0.000000 0.000000 0.000000 0.000000
0.000000 0.000000 0.000000 0.000000 0.000000 0.035856
0.160179 0.134561 0.149431 0.176002 0.137719 0.167593
0.174124 0.185813 0.169392 0.145129 0.098797 0.084198
0.037081 0.033408 0.015009 0.000000 9999900.000000 9999900.000000
9999900.000000 0.000000 0.000000 0.000000 0.000000 0.000000
0.000000 0.000000 0.000000 0.000000 0.000000 0.000000
0.000000 0.000000 9999900.000000 0.169906 0.088722 0.159249
0.150524 0.133664 0.152864 0.164373 0.184953 0.171968
0.138490 0.128846 0.067277 0.027468 0.000000 0.000000
0.000000 9999900.000000 9999900.000000 9999900.000000 0.000000 0.000000
0.000000 0.000000 0.000000 0.000000 0.000000 0.000000
0.000000 0.000000 0.000000 0.000000 0.000000 0.000000
0.097537 0.099122 0.183442 0.155848 0.162633 0.141013
0.125231 0.135849 0.162487 0.135713 0.130925 0.081306
0.016818 0.000000 0.000000 0.000000 9999900.000000 9999900.000000
9999900.000000 0.000000 0.000000 0.000000 0.000000 0.000000
0.000000 0.000000 0.000000 0.000000 0.000000 0.000000
0.000000 0.000000 0.000000 0.060012 0.144634 0.158581
0.150792 0.125051 0.120540 0.132189 0.127320 0.166119
0.144156 0.117296 0.113239 0.000000 0.000000 0.000000
0.000000 9999900.000000 9999900.000000 9999900.000000 0.000000 0.000000
0.000000 0.000000 0.000000 0.000000 0.000000 0.000000
0.000000 0.000000 0.000000 0.000000 0.000000 0.000000
0.000000 0.118975 0.170696 0.138659 0.111888 0.096902
0.093327 0.133525 0.161144 0.152072 0.090377 0.000000
0.000000 0.000000 0.000000 0.000000 9999900.000000 9999900.000000
9999900.000000 0.000000 0.000000 0.000000 0.000000 0.000000
0.000000 0.000000 0.000000 0.000000 0.000000 0.000000
0.000000 0.000000 0.000000 0.000000 0.069598 0.062880
0.097862 0.071665 0.052998 0.081134 0.074139 0.104952
0.084659 0.000000 0.000000 0.000000 0.000000 0.000000
0.000000 9999900.000000 9999900.000000 9999900.000000 0.000000 0.000000
0.000000 0.000000 0.000000 0.000000 0.000000 0.000000
0.000000 0.000000 0.000000 0.000000 0.000000 0.000000
0.000000 0.091823 0.104064 0.089921 0.071762 0.049589
0.059970 0.063202 0.080875 0.000000 0.000000 0.000000
0.000000 0.000000 0.000000 0.000000 0.000000 9999900.000000
9999900.000000 0.000000 0.000000 0.000000 0.000000 0.000000
0.000000 0.000000 0.000000 0.000000 0.000000 0.000000
0.000000 0.000000 0.000000 0.028034 0.056370 0.081191
0.088519 0.062427 0.067502 0.041871 0.014817 0.000000
0.000000 0.000000 0.000000 0.000000 0.000000 0.000000
0.000000 0.000000 9999900.000000 9999900.000000 0.000000 0.000000
0.000000 0.000000 0.000000 0.000000 0.000000 0.000000
0.000000 0.000000 0.000000 0.000000 0.000000 0.000000
0.049952 0.060662 0.084692 0.099567 0.076029 0.082023
0.000000 0.000000 0.000000 0.000000 0.000000 0.000000
0.000000 0.000000 0.000000 0.000000 0.000000 9999900.000000
9999900.000000 0.000000 0.000000 0.000000 0.000000 0.000000
0.000000 0.000000 0.000000 0.000000 0.000000 0.000000
0.000000 0.000000 0.000000 0.023651 0.078280 0.085952
0.090995 0.078811 0.000000 0.000000 0.000000 0.000000
0.000000 0.000000 0.000000 0.000000 0.000000 0.000000
0.000000 0.000000 9999900.000000 9999900.000000 9999900.000000 0.000000
0.000000 0.000000 0.000000 0.000000 0.000000 0.000000
0.000000 0.000000 0.000000 0.000000 0.000000 0.000000
0.039168 0.086014 0.085486 0.084409 0.000000 0.000000
0.000000 0.000000 0.000000 0.000000 0.000000 0.000000
0.000000 0.000000 0.000000 0.000000 9999900.000000 9999900.000000
9999900.000000 9999900.000000 9999900.000000 0.000000 0.000000 0.000000
0.000000 0.000000 0.000000 9999900.000000 9999900.000000 9999900.000000
9999900.000000 9999900.000000 9999900.000000 9999900.000000 9999900.000000 9999900.000000
9999900.000000 9999900.000000 9999900.000000 9999900.000000 9999900.000000 9999900.000000
9999900.000000 9999900.000000 9999900.000000 9999900.000000 9999900.000000 9999900.000000
9999900.000000 9999900.000000 9999900.000000 9999900.000000 9999900.000000 9999900.000000
9999900.000000 9999900.000000 9999900.000000 9999900.000000 9999900.000000 9999900.000000
9999900.000000 9999900.000000 9999900.000000 9999900.000000 9999900.000000 9999900.000000
9999900.000000 9999900.000000 9999900.000000 9999900.000000 9999900.000000 9999900.000000
9999900.000000 9999900.000000 9999900.000000 9999900.000000 9999900.000000 9999900.000000
9999900.000000 9999900.000000 9999900.000000 9999900.000000 9999900.000000 9999900.000000
