-996 60 100.000000 100.000000
770396.845940 773596.845940 1101219.474783 1107119.474783
33 21.580402 770396.845940 1101219.474783
0 0 0 0 0 0 0
99999.000000 99999.000000 99999.000000 99999.000000 99999.000000 99999.000000
99999.000000 99999.000000 1.000000 1.000000 99999.000000 99999.000000
99999.000000 99999.000000 99999.000000 99999.000000 99999.000000 99999.000000
99999.000000 99999.000000 99999.000000 99999.000000 99999.000000 99999.000000
99999.000000 99999.000000 99999.000000 99999.000000 99999.000000 99999.000000
99999.000000 99999.000000 99999.000000 99999.000000 99999.000000 99999.000000
99999.000000 99999.000000 99999.000000 1.000000 1.000000 1.000000
1.000000 1.000000 1.000000 1.000000 1.000000 1.000000
1.000000 1.000000 1.000000 1.000000 1.000000 99999.000000
99999.000000 99999.000000 99999.000000 99999.000000 99999.000000 99999.000000
99999.000000 99999.000000 99999.000000 99999.000000 99999.000000 99999.000000
99999.000000 99999.000000 99999.000000 99999.000000 99999.000000 1.000000
1.000000 1.000000 1.000000 1.000000 1.000000 1.000000
1.000000 1.000000 1.000000 1.000000 1.000000 1.000000
1.000000 1.000000 1.000000 1.000000 1.000000 1.000000
1.000000 1.000000 1.000000 1.000000 1.000000 1.000000
1.000000 1.000000 99999.000000 99999.000000 99999.000000 99999.000000
99999.000000 1.000000 1.000000 1.000000 1.000000 1.000000
1.000000 1.000000 1.000000 1.000000 1.000000 1.000000
1.000000 1.000000 1.000000 1.000000 1.000000 1.000000
1.000000 1.000000 1.000000 1.000000 1.000000 1.000000
1.000000 1.000000 1.000000 1.000000 1.000000 99999.000000
99999.000000 99999.000000 99999.000000 99999.000000 1.000000 1.000000
1.000000 1.000000 1.000000 1.000000 1.000000 1.000000
1.000000 1.000000 1.000000 1.000000 1.000000 1.000000
1.000000 1.000000 1.000000 1.000000 1.000000 1.000000
1.000000 1.000000 1.000000 1.000000 1.000000 1.000000
1.000000 99999.000000 99999.000000 99999.000000 99999.000000 99999.000000
1.000000 1.000000 1.000000 1.000000 1.000000 1.000000
1.000000 1.000000 1.000000 1.000000 1.000000 1.000000
1.000000 1.000000 1.000000 1.000000 1.000000 1.000000
1.000000 1.000000 1.000000 1.000000 1.000000 1.000000
1.000000 1.000000 1.000000 1.000000 99999.000000 99999.000000
99999.000000 99999.000000 99999.000000 1.000000 1.000000 1.000000
1.000000 1.000000 1.000000 1.000000 1.000000 1.000000
1.000000 1.000000 1.000000 1.000000 1.000000 1.000000
1.000000 1.000000 1.000000 1.000000 1.000000 1.000000
1.000000 1.000000 1.000000 1.000000 1.000000 1.000000
1.000000 99999.000000 99999.000000 99999.000000 99999.000000 99999.000000
99999.000000 1.000000 1.000000 1.000000 1.000000 1.000000
1.000000 1.000000 1.000000 1.000000 1.000000 1.000000
1.000000 1.000000 1.000000 1.000000 1.000000 1.000000
1.000000 1.000000 1.000000 1.000000 1.000000 1.000000
1.000000 1.000000 1.000000 1.000000 99999.000000 99999.000000
99999.000000 99999.000000 99999.000000 99999.000000 1.000000 1.000000
1.000000 1.000000 1.000000 1.000000 1.000000 1.000000
1.000000 1.000000 1.000000 1.000000 1.000000 1.000000
1.000000 1.000000 1.000000 1.000000 1.000000 1.000000
1.000000 1.000000 1.000000 1.000000 1.000000 1.000000
1.000000 99999.000000 99999.000000 99999.000000 99999.000000 99999.000000
99999.000000 99999.000000 1.000000 1.000000 1.000000 1.000000
1.000000 1.000000 1.000000 1.000000 1.000000 1.000000
1.000000 1.000000 1.000000 1.000000 1.000000 1.000000
1.000000 1.000000 1.000000 1.000000 1.000000 1.000000
1.000000 1.000000 1.000000 1.000000 99999.000000 99999.000000
99999.000000 99999.000000 99999.000000 99999.000000 99999.000000 99999.000000
1.000000 1.000000 1.000000 1.000000 1.000000 1.000000
1.000000 1.000000 1.000000 1.000000 1.000000 1.000000
1.000000 1.000000 1.000000 1.000000 1.000000 1.000000
1.000000 1.000000 1.000000 1.000000 1.000000 1.000000
1.000000 99999.000000 99999.000000 99999.000000 99999.000000 99999.000000
99999.000000 99999.000000 99999.000000 99999.000000 1.000000 1.000000
1.000000 1.000000 1.000000 1.000000 1.000000 1.000000
1.000000 1.000000 1.000000 1.000000 1.000000 1.000000
1.000000 1.000000 1.000000 1.000000 1.000000 1.000000
1.000000 1.000000 1.000000 1.000000 99999.000000 99999.000000
99999.000000 99999.000000 99999.000000 99999.000000 99999.000000 99999.000000
99999.000000 1.000000 1.000000 1.000000 1.000000 1.000000
1.000000 1.000000 1.000000 1.000000 1.000000 1.000000
1.000000 1.000000 1.000000 1.000000 1.000000 1.000000
1.000000 1.000000 1.000000 1.000000 1.000000 1.000000
1.000000 99999.000000 99999.000000 99999.000000 99999.000000 99999.000000
99999.000000 99999.000000 99999.000000 99999.000000 99999.000000 1.000000
1.000000 1.000000 1.000000 1.000000 1.000000 1.000000
1.000000 1.000000 1.000000 1.000000 1.000000 1.000000
1.000000 1.000000 1.000000 1.000000 1.000000 1.000000
1.000000 1.000000 1.000000 1.000000 1.000000 99999.000000
99999.000000 99999.000000 99999.000000 99999.000000 99999.000000 99999.000000
99999.000000 99999.000000 99999.000000 1.000000 1.000000 1.000000
1.000000 1.000000 1.000000 1.000000 1.000000 1.000000
1.000000 1.000000 1.000000 1.000000 1.000000 1.000000
1.000000 1.000000 1.000000 1.000000 1.000000 1.000000
1.000000 1.000000 99999.000000 99999.000000 99999.000000 99999.000000
99999.000000 99999.000000 99999.000000 99999.000000 99999.000000 99999.000000
1.000000 1.000000 1.000000 1.000000 1.000000 1.000000
1.000000 1.000000 1.000000 1.000000 1.000000 1.000000
1.000000 1.000000 1.000000 1.000000 1.000000 1.000000
1.000000 1.000000 1.000000 1.000000 1.000000 99999.000000
99999.000000 99999.000000 99999.000000 99999.000000 99999.000000 99999.000000
99999.000000 99999.000000 99999.000000 99999.000000 1.000000 1.000000
1.000000 1.000000 1.000000 1.000000 1.000000 1.000000
1.000000 1.000000 1.000000 1.000000 1.000000 1.000000
1.000000 1.000000 1.000000 1.000000 1.000000 1.000000
1.000000 1.000000 99999.000000 99999.000000 99999.000000 99999.000000
99999.000000 99999.000000 99999.000000 99999.000000 99999.000000 99999.000000
99999.000000 1.000000 1.000000 1.000000 1.000000 1.000000
1.000000 1.000000 1.000000 1.000000 1.000000 1.000000
1.000000 1.000000 1.000000 1.000000 1.000000 1.000000
1.000000 1.000000 1.000000 1.000000 1.000000 99999.000000
99999.000000 99999.000000 99999.000000 99999.000000 99999.000000 99999.000000
99999.000000 99999.000000 99999.000000 99999.000000 99999.000000 1.000000
1.000000 1.000000 1.000000 1.000000 1.000000 1.000000
1.000000 1.000000 1.000000 1.000000 1.000000 1.000000
1.000000 1.000000 1.000000 1.000000 1.000000 1.000000
1.000000 1.000000 99999.000000 99999.000000 99999.000000 99999.000000
99999.000000 99999.000000 99999.000000 99999.000000 99999.000000 99999.000000
99999.000000 99999.000000 1.000000 1.000000 1.000000 1.000000
1.000000 1.000000 1.000000 1.000000 1.000000 1.000000
1.000000 1.000000 1.000000 1.000000 1.000000 1.000000
1.000000 1.000000 1.000000 1.000000 1.000000 99999.000000
99999.000000 99999.000000 99999.000000 99999.000000 99999.000000 99999.000000
99999.000000 99999.000000 99999.000000 99999.000000 99999.000000 1.000000
1.000000 1.000000 1.000000 1.000000 1.000000 1.000000
1.000000 1.000000 1.000000 1.000000 1.000000 1.000000
1.000000 1.000000 1.000000 1.000000 1.000000 1.000000
1.000000 1.000000 99999.000000 99999.000000 99999.000000 99999.000000
99999.000000 99999.000000 99999.000000 99999.000000 99999.000000 99999.000000
99999.000000 99999.000000 99999.000000 1.000000 1.000000 1.000000
1.000000 1.000000 1.000000 1.000000 1.000000 1.000000
1.000000 1.000000 1.000000 1.000000 1.000000 1.000000
1.000000 1.000000 1.000000 1.000000 1.000000 99999.000000
99999.000000 99999.000000 99999.000000 99999.000000 99999.000000 99999.000000
99999.000000 99999.000000 99999.000000 99999.000000 99999.000000 99999.000000
1.000000 1.000000 1.000000 1.000000 1.000000 1.000000
1.000000 1.000000 1.000000 1.000000 1.000000 1.000000
1.000000 1.000000 1.000000 1.000000 1.000000 1.000000
1.000000 1.000000 99999.000000 99999.000000 99999.000000 99999.000000
99999.000000 99999.000000 99999.000000 99999.000000 99999.000000 99999.000000
99999.000000 99999.000000 99999.000000 1.000000 1.000000 1.000000
1.000000 1.000000 1.000000 1.000000 1.000000 1.000000
1.000000 1.000000 1.000000 1.000000 1.000000 1.000000
1.000000 1.000000 1.000000 1.000000 1.000000 99999.000000
99999.000000 99999.000000 99999.000000 99999.000000 99999.000000 99999.000000
99999.000000 99999.000000 99999.000000 99999.000000 99999.000000 99999.000000
99999.000000 1.000000 1.000000 1.000000 1.000000 1.000000
1.000000 1.000000 1.000000 1.000000 1.000000 1.000000
1.000000 1.000000 1.000000 1.000000 1.000000 99999.000000
1.000000 1.000000 99999.000000 99999.000000 99999.000000 99999.000000
99999.000000 99999.000000 99999.000000 99999.000000 99999.000000 99999.000000
99999.000000 99999.000000 99999.000000 99999.000000 1.000000 1.000000
1.000000 1.000000 1.000000 1.000000 1.000000 1.000000
1.000000 1.000000 1.000000 1.000000 1.000000 1.000000
1.000000 1.000000 99999.000000 1.000000 1.000000 99999.000000
99999.000000 99999.000000 99999.000000 99999.000000 99999.000000 99999.000000
99999.000000 99999.000000 99999.000000 99999.000000 99999.000000 99999.000000
99999.000000 1.000000 1.000000 1.000000 1.000000 1.000000
1.000000 1.000000 1.000000 1.000000 1.000000 1.000000
1.000000 1.000000 1.000000 1.000000 1.000000 1.000000
1.000000 99999.000000 99999.000000 99999.000000 99999.000000 99999.000000
99999.000000 99999.000000 99999.000000 99999.000000 99999.000000 99999.000000
99999.000000 99999.000000 99999.000000 99999.000000 1.000000 1.000000
1.000000 1.000000 1.000000 1.000000 1.000000 1.000000
1.000000 1.000000 1.000000 1.000000 1.000000 1.000000
1.000000 1.000000 99999.000000 99999.000000 1.000000 99999.000000
99999.000000 99999.000000 99999.000000 99999.000000 99999.000000 99999.000000
99999.000000 99999.000000 99999.000000 99999.000000 99999.000000 99999.000000
99999.000000 1.000000 1.000000 1.000000 1.000000 1.000000
1.000000 1.000000 1.000000 1.000000 1.000000 1.000000
1.000000 1.000000 1.000000 1.000000 1.000000 1.000000
1.000000 1.000000 99999.000000 99999.000000 99999.000000 99999.000000
99999.000000 99999.000000 99999.000000 99999.000000 99999.000000 99999.000000
99999.000000 99999.000000 99999.000000 99999.000000 1.000000 1.000000
1.000000 1.000000 1.000000 1.000000 1.000000 1.000000
1.000000 1.000000 1.000000 1.000000 1.000000 1.000000
1.000000 1.000000 1.000000 1.000000 1.000000 99999.000000
99999.000000 99999.000000 99999.000000 99999.000000 99999.000000 99999.000000
99999.000000 99999.000000 99999.000000 99999.000000 99999.000000 99999.000000
1.000000 1.000000 1.000000 1.000000 1.000000 1.000000
1.000000 1.000000 1.000000 1.000000 1.000000 1.000000
1.000000 1.000000 1.000000 1.000000 1.000000 1.000000
1.000000 1.000000 99999.000000 99999.000000 99999.000000 99999.000000
99999.000000 99999.000000 99999.000000 99999.000000 99999.000000 99999.000000
99999.000000 99999.000000 99999.000000 1.000000 1.000000 1.000000
1.000000 1.000000 1.000000 1.000000 1.000000 1.000000
1.000000 1.000000 1.000000 1.000000 1.000000 1.000000
1.000000 1.000000 1.000000 1.000000 1.000000 99999.000000
99999.000000 99999.000000 99999.000000 99999.000000 99999.000000 99999.000000
99999.000000 99999.000000 99999.000000 99999.000000 99999.000000 1.000000
1.000000 1.000000 1.000000 1.000000 1.000000 1.000000
1.000000 1.000000 1.000000 1.000000 1.000000 1.000000
1.000000 1.000000 1.000000 1.000000 1.000000 1.000000
1.000000 1.000000 99999.000000 99999.000000 99999.000000 99999.000000
99999.000000 99999.000000 99999.000000 99999.000000 99999.000000 99999.000000
99999.000000 99999.000000 1.000000 1.000000 1.000000 1.000000
1.000000 1.000000 1.000000 1.000000 1.000000 1.000000
1.000000 1.000000 1.000000 1.000000 1.000000 1.000000
1.000000 1.000000 1.000000 1.000000 1.000000 99999.000000
99999.000000 99999.000000 99999.000000 99999.000000 99999.000000 99999.000000
99999.000000 99999.000000 99999.000000 99999.000000 99999.000000 1.000000
1.000000 1.000000 1.000000 1.000000 1.000000 1.000000
1.000000 1.000000 1.000000 1.000000 1.000000 1.000000
1.000000 1.000000 1.000000 1.000000 1.000000 99999.000000
1.000000 1.000000 99999.000000 99999.000000 99999.000000 99999.000000
99999.000000 99999.000000 99999.000000 99999.000000 99999.000000 99999.000000
99999.000000 99999.000000 1.000000 1.000000 1.000000 1.000000
1.000000 1.000000 1.000000 1.000000 1.000000 1.000000
1.000000 1.000000 1.000000 1.000000 1.000000 1.000000
1.000000 1.000000 1.000000 1.000000 1.000000 99999.000000
99999.000000 99999.000000 99999.000000 99999.000000 99999.000000 99999.000000
99999.000000 99999.000000 99999.000000 99999.000000 99999.000000 1.000000
1.000000 1.000000 1.000000 1.000000 1.000000 1.000000
1.000000 1.000000 1.000000 1.000000 1.000000 1.000000
1.000000 1.000000 1.000000 1.000000 1.000000 1.000000
1.000000 1.000000 99999.000000 99999.000000 99999.000000 99999.000000
99999.000000 99999.000000 99999.000000 99999.000000 99999.000000 99999.000000
99999.000000 99999.000000 1.000000 1.000000 1.000000 1.000000
1.000000 1.000000 1.000000 1.000000 1.000000 1.000000
1.000000 1.000000 1.000000 1.000000 1.000000 1.000000
1.000000 1.000000 1.000000 1.000000 1.000000 99999.000000
99999.000000 99999.000000 99999.000000 99999.000000 99999.000000 99999.000000
99999.000000 99999.000000 99999.000000 99999.000000 99999.000000 1.000000
1.000000 1.000000 1.000000 1.000000 1.000000 1.000000
1.000000 1.000000 1.000000 1.000000 1.000000 1.000000
1.000000 1.000000 1.000000 1.000000 1.000000 1.000000
1.000000 1.000000 99999.000000 99999.000000 99999.000000 99999.000000
99999.000000 99999.000000 99999.000000 99999.000000 99999.000000 99999.000000
99999.000000 99999.000000 1.000000 1.000000 1.000000 1.000000
1.000000 1.000000 1.000000 1.000000 1.000000 1.000000
1.000000 1.000000 1.000000 1.000000 1.000000 1.000000
1.000000 1.000000 1.000000 1.000000 99999.000000 99999.000000
99999.000000 99999.000000 99999.000000 99999.000000 99999.000000 99999.000000
99999.000000 99999.000000 99999.000000 99999.000000 99999.000000 1.000000
1.000000 1.000000 1.000000 1.000000 1.000000 1.000000
1.000000 1.000000 1.000000 1.000000 1.000000 1.000000
1.000000 1.000000 1.000000 1.000000 1.000000 1.000000
99999.000000 1.000000 99999.000000 99999.000000 99999.000000 99999.000000
99999.000000 99999.000000 99999.000000 99999.000000 99999.000000 99999.000000
99999.000000 99999.000000 1.000000 1.000000 1.000000 1.000000
1.000000 1.000000 1.000000 1.000000 1.000000 1.000000
1.000000 1.000000 1.000000 1.000000 1.000000 1.000000
1.000000 1.000000 1.000000 1.000000 1.000000 99999.000000
99999.000000 99999.000000 99999.000000 99999.000000 99999.000000 99999.000000
99999.000000 99999.000000 99999.000000 99999.000000 99999.000000 99999.000000
1.000000 1.000000 1.000000 1.000000 1.000000 1.000000
1.000000 1.000000 1.000000 1.000000 1.000000 1.000000
1.000000 1.000000 1.000000 1.000000 1.000000 1.000000
1.000000 99999.000000 99999.000000 99999.000000 99999.000000 99999.000000
99999.000000 99999.000000 99999.000000 99999.000000 99999.000000 99999.000000
99999.000000 99999.000000 99999.000000 1.000000 1.000000 1.000000
1.000000 1.000000 1.000000 1.000000 1.000000 1.000000
1.000000 1.000000 1.000000 1.000000 1.000000 1.000000
1.000000 1.000000 1.000000 1.000000 99999.000000 99999.000000
99999.000000 99999.000000 99999.000000 99999.000000 99999.000000 99999.000000
99999.000000 99999.000000 99999.000000 99999.000000 99999.000000 99999.000000
1.000000 1.000000 1.000000 1.000000 1.000000 1.000000
1.000000 1.000000 1.000000 1.000000 1.000000 1.000000
1.000000 1.000000 1.000000 1.000000 1.000000 1.000000
1.000000 99999.000000 99999.000000 99999.000000 99999.000000 99999.000000
99999.000000 99999.000000 99999.000000 99999.000000 99999.000000 99999.000000
99999.000000 99999.000000 99999.000000 99999.000000 1.000000 1.000000
1.000000 1.000000 1.000000 1.000000 1.000000 1.000000
1.000000 1.000000 1.000000 1.000000 1.000000 1.000000
1.000000 99999.000000 1.000000 1.000000 99999.000000 99999.000000
99999.000000 99999.000000 99999.000000 99999.000000 99999.000000 99999.000000
99999.000000 99999.000000 99999.000000 99999.000000 99999.000000 99999.000000
99999.000000 99999.000000 1.000000 1.000000 1.000000 1.000000
1.000000 1.000000 1.000000 1.000000 1.000000 1.000000
1.000000 1.000000 1.000000 1.000000 1.000000 1.000000
1.000000 99999.000000 99999.000000 99999.000000 99999.000000 99999.000000
99999.000000 99999.000000 99999.000000 99999.000000 99999.000000 99999.000000
99999.000000 99999.000000 99999.000000 99999.000000 99999.000000 1.000000
1.000000 1.000000 1.000000 1.000000 1.000000 1.000000
1.000000 1.000000 1.000000 1.000000 1.000000 1.000000
1.000000 1.000000 1.000000 99999.000000 99999.000000 99999.000000
99999.000000 99999.000000 99999.000000 99999.000000 99999.000000 99999.000000
99999.000000 99999.000000 99999.000000 99999.000000 99999.000000 99999.000000
99999.000000 99999.000000 99999.000000 1.000000 1.000000 1.000000
1.000000 1.000000 1.000000 1.000000 1.000000 1.000000
1.000000 1.000000 1.000000 1.000000 99999.000000 99999.000000
99999.000000 99999.000000 99999.000000 99999.000000 99999.000000 99999.000000
99999.000000 99999.000000 99999.000000 99999.000000 99999.000000 99999.000000
99999.000000 99999.000000 99999.000000 99999.000000 99999.000000 99999.000000
1.000000 1.000000 1.000000 1.000000 1.000000 1.000000
1.000000 1.000000 1.000000 1.000000 1.000000 1.000000
1.000000 99999.000000 99999.000000 99999.000000 99999.000000 99999.000000
99999.000000 99999.000000 99999.000000 99999.000000 99999.000000 99999.000000
99999.000000 99999.000000 99999.000000 99999.000000 99999.000000 99999.000000
99999.000000 99999.000000 99999.000000 1.000000 1.000000 1.000000
1.000000 1.000000 1.000000 1.000000 1.000000 1.000000
1.000000 1.000000 1.000000 99999.000000 99999.000000 99999.000000
99999.000000 99999.000000 99999.000000 99999.000000 99999.000000 99999.000000
99999.000000 99999.000000 99999.000000 99999.000000 99999.000000 99999.000000
99999.000000 99999.000000 99999.000000 99999.000000 99999.000000 99999.000000
99999.000000 1.000000 1.000000 1.000000 1.000000 1.000000
1.000000 1.000000 1.000000 1.000000 1.000000 99999.000000
99999.000000 99999.000000 99999.000000 99999.000000 99999.000000 99999.000000
99999.000000 99999.000000 99999.000000 99999.000000 99999.000000 99999.000000
99999.000000 99999.000000 99999.000000 99999.000000 99999.000000 99999.000000
99999.000000 99999.000000 99999.000000 99999.000000 1.000000 1.000000
1.000000 1.000000 1.000000 1.000000 1.000000 1.000000
1.000000 99999.000000 99999.000000 99999.000000 99999.000000 99999.000000
99999.000000 99999.000000 99999.000000 99999.000000 99999.000000 99999.000000
99999.000000 99999.000000 99999.000000 99999.000000 99999.000000 99999.000000
99999.000000 99999.000000 99999.000000 99999.000000 99999.000000 99999.000000
99999.000000 1.000000 1.000000 1.000000 1.000000 1.000000
1.000000 1.000000 1.000000 99999.000000 99999.000000 99999.000000
99999.000000 99999.000000 99999.000000 99999.000000 99999.000000 99999.000000
99999.000000 99999.000000 99999.000000 99999.000000 99999.000000 99999.000000
99999.000000 99999.000000 99999.000000 99999.000000 99999.000000 99999.000000
99999.000000 99999.000000 99999.000000 1.000000 1.000000 1.000000
1.000000 1.000000 1.000000 1.000000 1.000000 99999.000000
99999.000000 99999.000000 99999.000000 99999.000000 99999.000000 99999.000000
99999.000000 99999.000000 99999.000000 99999.000000 99999.000000 99999.000000
99999.000000 99999.000000 99999.000000 99999.000000 99999.000000 99999.000000
99999.000000 99999.000000 99999.000000 99999.000000 99999.000000 99999.000000
1.000000 1.000000 1.000000 1.000000 1.000000 1.000000
99999.000000 99999.000000 99999.000000 99999.000000 99999.000000 99999.000000
99999.000000 99999.000000 99999.000000 99999.000000 99999.000000 99999.000000
99999.000000 99999.000000 99999.000000 99999.000000 99999.000000 99999.000000
99999.000000 99999.000000 99999.000000 99999.000000 99999.000000 99999.000000
99999.000000 99999.000000 99999.000000 1.000000 1.000000 1.000000
1.000000 1.000000 99999.000000 99999.000000 99999.000000 99999.000000
99999.000000 99999.000000 99999.000000 99999.000000 99999.000000 99999.000000
99999.000000 99999.000000 99999.000000 99999.000000 99999.000000 99999.000000
99999.000000 99999.000000 99999.000000 99999.000000 99999.000000 99999.000000
99999.000000 99999.000000 99999.000000 99999.000000 99999.000000 99999.000000
1.000000 1.000000 1.000000 1.000000 99999.000000 99999.000000
99999.000000 99999.000000 99999.000000 99999.000000 99999.000000 99999.000000
99999.000000 99999.000000 99999.000000 99999.000000 99999.000000 99999.000000
99999.000000 99999.000000 99999.000000 99999.000000 99999.000000 99999.000000
99999.000000 99999.000000 99999.000000 99999.000000 99999.000000 99999.000000
99999.000000 99999.000000 99999.000000 99999.000000 99999.000000 99999.000000
99999.000000 99999.000000 99999.000000 99999.000000 99999.000000 99999.000000
99999.000000 99999.000000 99999.000000 99999.000000 99999.000000 99999.000000
99999.000000 99999.000000 99999.000000 99999.000000 99999.000000 99999.000000
99999.000000 99999.000000 99999.000000 99999.000000 99999.000000 99999.000000
99999.000000 99999.000000 99999.000000 99999.000000 99999.000000 99999.000000
99999.000000 99999.000000 99999.000000 99999.000000 99999.000000 99999.000000
99999.000000 99999.000000 99999.000000 99999.000000 99999.000000 99999.000000
99999.000000 99999.000000 99999.000000 99999.000000 99999.000000 99999.000000
