-996 60 100.000000 100.000000
770396.845940 773596.845940 1101219.474783 1107119.474783
33 21.580402 770396.845940 1101219.474783
0 0 0 0 0 0 0
99999.000000 99999.000000 99999.000000 99999.000000 99999.000000 99999.000000
99999.000000 99999.000000 159.987129 160.418111 99999.000000 99999.000000
99999.000000 99999.000000 99999.000000 99999.000000 99999.000000 99999.000000
99999.000000 99999.000000 99999.000000 99999.000000 99999.000000 99999.000000
99999.000000 99999.000000 99999.000000 99999.000000 99999.000000 99999.000000
99999.000000 99999.000000 99999.000000 99999.000000 99999.000000 99999.000000
99999.000000 99999.000000 99999.000000 159.054427 159.593801 160.036777
160.212834 160.225467 160.087809 159.974806 159.727545 159.878193
159.958575 158.998734 158.858658 159.580678 159.745834 99999.000000
99999.000000 99999.000000 99999.000000 99999.000000 99999.000000 99999.000000
99999.000000 99999.000000 99999.000000 99999.000000 99999.000000 99999.000000
99999.000000 99999.000000 99999.000000 99999.000000 99999.000000 158.766846
159.132223 159.468616 160.085925 160.131005 160.067864 160.092619
159.976354 159.685551 159.747517 159.671478 158.857789 159.204658
159.335344 159.341035 159.342501 159.383239 159.454770 159.581789
159.855333 160.095870 160.255789 160.603460 160.729677 160.745166
160.969111 161.340185 99999.000000 99999.000000 99999.000000 99999.000000
99999.000000 158.854998 159.023295 159.256149 159.857828 160.034516
159.766511 159.821161 159.428578 159.570806 159.363368 159.220016
159.068046 159.036115 158.980017 159.101797 159.143593 159.168132
159.169289 159.328611 159.236884 159.511332 159.660354 159.849966
160.319187 160.717260 160.369136 160.652154 160.844806 99999.000000
99999.000000 99999.000000 99999.000000 99999.000000 158.378693 159.232934
159.518442 159.808087 159.653033 159.452533 159.272249 159.219248
159.129879 158.844497 158.740322 158.729229 158.896933 158.886734
158.911116 158.906103 158.889894 158.986261 159.042387 159.224757
159.294071 159.427102 159.531638 159.946008 160.292655 160.120761
160.241706 99999.000000 99999.000000 99999.000000 99999.000000 99999.000000
158.499256 158.861305 159.308041 159.948346 159.518236 159.528026
159.212091 158.951210 158.605405 158.450162 158.179834 158.391695
158.378794 158.553747 158.573309 158.645079 158.738749 158.635080
158.750449 158.933504 159.120441 159.156779 159.237976 159.349819
159.620376 159.731176 159.841258 160.353009 99999.000000 99999.000000
99999.000000 99999.000000 99999.000000 159.556311 159.516522 159.863752
160.313640 160.099219 159.864166 159.503843 159.165746 158.878081
158.569856 158.418234 158.168622 158.272348 158.221194 158.311800
158.426033 158.485169 158.567832 158.605935 158.601090 158.741041
158.858911 159.059596 159.036073 159.106313 159.435028 159.916333
160.245185 99999.000000 99999.000000 99999.000000 99999.000000 99999.000000
99999.000000 159.252900 159.727893 159.999493 159.681830 159.508256
159.040250 158.709744 158.502689 158.242402 158.457007 158.459399
158.411618 158.771500 158.889443 159.049491 159.166798 159.312202
159.351367 159.499945 159.584061 159.529795 159.212987 159.717057
159.524817 159.489191 159.870585 160.297367 99999.000000 99999.000000
99999.000000 99999.000000 99999.000000 99999.000000 159.551151 159.234204
159.293229 159.364122 159.040029 158.700559 158.310506 158.278525
158.051535 158.017086 157.958977 158.287751 158.538947 158.652267
158.976770 159.085619 159.102694 159.090345 159.314168 159.504871
159.507961 159.436700 159.787677 159.636748 159.283574 159.696349
160.130185 99999.000000 99999.000000 99999.000000 99999.000000 99999.000000
99999.000000 99999.000000 159.227894 158.865119 158.777180 158.631788
158.691617 158.479091 158.167905 158.364573 157.919195 158.195927
158.374092 158.508369 158.526320 158.636879 158.863655 158.788145
158.985819 159.023282 159.219197 159.091656 159.343013 159.435254
159.597313 159.360337 159.698063 160.063601 99999.000000 99999.000000
99999.000000 99999.000000 99999.000000 99999.000000 99999.000000 99999.000000
158.539374 158.633819 158.364152 158.181025 158.343625 158.058375
157.985576 158.059335 158.076775 158.410402 158.448915 158.616295
158.665817 158.700557 158.810347 158.795068 158.844556 159.020750
159.181977 159.172460 159.343511 160.014645 159.287401 159.564486
159.880457 99999.000000 99999.000000 99999.000000 99999.000000 99999.000000
99999.000000 99999.000000 99999.000000 99999.000000 158.206561 157.898692
157.930879 157.869815 158.030330 158.017456 158.112966 158.251560
158.328116 158.379977 158.355193 158.498573 158.701008 158.714443
158.668633 158.758925 158.850888 159.042246 158.748214 158.910044
159.832860 159.019540 159.355977 159.662211 99999.000000 99999.000000
99999.000000 99999.000000 99999.000000 99999.000000 99999.000000 99999.000000
99999.000000 158.241260 157.433072 157.592620 157.759048 157.904726
158.029076 158.031410 158.249108 158.268908 158.270773 158.400353
158.610088 158.456193 158.618157 158.596778 158.697615 158.730061
159.039504 158.683563 159.086750 159.293672 158.929531 159.271393
159.512163 99999.000000 99999.000000 99999.000000 99999.000000 99999.000000
99999.000000 99999.000000 99999.000000 99999.000000 99999.000000 157.677218
157.768841 157.680691 157.766754 157.947404 158.018817 158.146409
158.068797 158.294821 158.447368 158.529889 158.509336 158.740582
158.601580 158.602505 158.663365 158.707528 158.287416 159.006115
159.272218 158.740522 159.105023 159.361037 159.686756 99999.000000
99999.000000 99999.000000 99999.000000 99999.000000 99999.000000 99999.000000
99999.000000 99999.000000 99999.000000 157.970615 157.653746 157.554403
157.814032 157.687143 157.928976 158.219701 158.049526 158.353401
158.440495 158.615270 158.643034 158.705032 158.635238 158.612216
158.510575 158.301636 158.825462 159.355441 158.611827 158.945716
159.331194 159.568080 99999.000000 99999.000000 99999.000000 99999.000000
99999.000000 99999.000000 99999.000000 99999.000000 99999.000000 99999.000000
157.786323 157.397280 157.580932 157.880782 157.948407 157.791283
158.005493 158.074413 158.258009 158.400153 158.738953 158.659613
158.755293 158.595082 158.514344 158.433254 158.188849 158.775388
159.261550 158.568402 158.803231 159.179707 159.443583 99999.000000
99999.000000 99999.000000 99999.000000 99999.000000 99999.000000 99999.000000
99999.000000 99999.000000 99999.000000 99999.000000 157.348669 157.449901
157.650886 157.608642 157.966906 157.958039 157.977433 158.293328
158.514447 158.834919 158.620733 158.823684 158.633955 158.614042
158.521351 158.260631 158.333291 158.703459 158.466360 158.777160
159.045789 159.289082 99999.000000 99999.000000 99999.000000 99999.000000
99999.000000 99999.000000 99999.000000 99999.000000 99999.000000 99999.000000
99999.000000 157.199254 157.454360 157.349806 157.838082 157.924753
157.934546 157.759796 158.184108 158.402000 158.676872 158.823842
158.875246 158.817015 158.669369 158.578528 158.494671 158.780485
159.126657 158.543026 158.687207 158.990456 159.157088 99999.000000
99999.000000 99999.000000 99999.000000 99999.000000 99999.000000 99999.000000
99999.000000 99999.000000 99999.000000 99999.000000 99999.000000 157.151783
157.103702 157.606406 157.596898 157.706873 157.799632 158.096388
158.439105 158.419075 158.897856 158.887701 158.729565 158.753197
158.550630 158.229010 158.657057 159.481077 158.989288 158.596039
158.901225 159.028533 99999.000000 99999.000000 99999.000000 99999.000000
99999.000000 99999.000000 99999.000000 99999.000000 99999.000000 99999.000000
99999.000000 99999.000000 156.934535 156.855023 157.284990 157.491392
157.635143 157.977050 158.210063 158.310684 158.403507 158.791685
158.722437 158.532137 158.703102 158.577884 158.624285 158.794295
159.316270 159.628629 158.557797 158.796836 159.034196 99999.000000
99999.000000 99999.000000 99999.000000 99999.000000 99999.000000 99999.000000
99999.000000 99999.000000 99999.000000 99999.000000 99999.000000 157.714600
156.965330 157.199421 157.036923 157.623911 158.014592 158.109273
158.191137 158.262422 158.528646 158.458943 158.439017 158.557384
158.245813 158.616531 159.282305 159.426761 159.817762 158.537154
158.826408 158.871519 99999.000000 99999.000000 99999.000000 99999.000000
99999.000000 99999.000000 99999.000000 99999.000000 99999.000000 99999.000000
99999.000000 99999.000000 99999.000000 156.756729 157.190251 156.976213
157.668682 157.920193 157.978832 158.122084 158.064330 158.271745
157.987680 158.238124 158.267594 158.235250 158.863927 159.413892
159.576671 159.764022 158.540130 158.802819 158.843707 99999.000000
99999.000000 99999.000000 99999.000000 99999.000000 99999.000000 99999.000000
99999.000000 99999.000000 99999.000000 99999.000000 99999.000000 99999.000000
157.036678 157.129996 157.193607 157.660934 157.789866 157.953967
158.177422 158.182450 158.350378 158.094708 158.164837 158.149254
158.300790 158.953940 159.206785 159.310385 159.757851 158.404321
158.811646 158.884575 99999.000000 99999.000000 99999.000000 99999.000000
99999.000000 99999.000000 99999.000000 99999.000000 99999.000000 99999.000000
99999.000000 99999.000000 99999.000000 157.564972 156.626765 157.004335
157.459212 157.619194 157.834831 158.000027 158.227521 158.093698
158.034820 158.037016 158.180570 158.565059 158.906401 159.090318
159.575906 159.720469 158.543762 158.619650 159.001763 99999.000000
99999.000000 99999.000000 99999.000000 99999.000000 99999.000000 99999.000000
99999.000000 99999.000000 99999.000000 99999.000000 99999.000000 99999.000000
99999.000000 156.099580 157.261452 157.249917 157.436349 157.666437
157.999768 158.064273 157.977673 157.913744 158.107829 158.355651
158.677221 158.778900 159.049154 159.356666 159.645819 99999.000000
158.863239 159.107998 99999.000000 99999.000000 99999.000000 99999.000000
99999.000000 99999.000000 99999.000000 99999.000000 99999.000000 99999.000000
99999.000000 99999.000000 99999.000000 99999.000000 156.862922 156.860243
157.149654 157.277718 157.612533 158.130689 157.992498 157.848788
157.863332 158.072648 158.387587 158.850404 158.863009 158.972610
159.405989 159.672165 99999.000000 158.903852 159.184879 99999.000000
99999.000000 99999.000000 99999.000000 99999.000000 99999.000000 99999.000000
99999.000000 99999.000000 99999.000000 99999.000000 99999.000000 99999.000000
99999.000000 156.758944 156.697596 157.405726 157.446772 157.578012
157.977397 157.721498 157.898372 157.989889 158.103947 158.351411
158.581327 159.022190 158.991650 159.229165 159.742462 158.694311
159.046086 99999.000000 99999.000000 99999.000000 99999.000000 99999.000000
99999.000000 99999.000000 99999.000000 99999.000000 99999.000000 99999.000000
99999.000000 99999.000000 99999.000000 99999.000000 156.412497 156.819911
157.263349 157.523490 157.542559 157.771731 157.537768 157.479925
158.070864 157.932759 158.503290 158.391329 158.903579 159.231120
159.283909 159.526402 99999.000000 99999.000000 159.089584 99999.000000
99999.000000 99999.000000 99999.000000 99999.000000 99999.000000 99999.000000
99999.000000 99999.000000 99999.000000 99999.000000 99999.000000 99999.000000
99999.000000 156.386242 156.934538 157.114926 157.368693 157.458085
157.523339 157.336038 157.430710 157.830817 158.158101 158.494660
158.708361 158.850451 158.977147 159.090617 159.719725 158.476157
158.806880 159.228678 99999.000000 99999.000000 99999.000000 99999.000000
99999.000000 99999.000000 99999.000000 99999.000000 99999.000000 99999.000000
99999.000000 99999.000000 99999.000000 99999.000000 156.825281 156.637731
156.812156 157.095492 157.025466 157.355511 157.075210 157.318494
157.581823 158.077539 158.444948 158.721248 158.947535 158.863843
159.080517 160.588858 158.646592 159.072298 159.435239 99999.000000
99999.000000 99999.000000 99999.000000 99999.000000 99999.000000 99999.000000
99999.000000 99999.000000 99999.000000 99999.000000 99999.000000 99999.000000
157.077447 156.221256 156.437640 156.693965 156.763109 156.980832
157.363199 156.853450 157.314779 157.752784 158.080855 158.297290
158.729794 158.959303 158.961477 158.633905 158.465989 158.606020
158.993691 159.747290 99999.000000 99999.000000 99999.000000 99999.000000
99999.000000 99999.000000 99999.000000 99999.000000 99999.000000 99999.000000
99999.000000 99999.000000 99999.000000 156.063049 156.178498 156.285458
156.726824 156.759056 157.006160 157.101563 156.903500 157.382996
157.779089 158.125005 158.393806 158.673357 159.009966 159.214493
159.071855 158.671712 158.854686 159.345606 160.019937 99999.000000
99999.000000 99999.000000 99999.000000 99999.000000 99999.000000 99999.000000
99999.000000 99999.000000 99999.000000 99999.000000 99999.000000 158.148849
156.032002 156.203098 156.474723 156.794831 156.796668 156.858918
157.070878 156.992275 157.342299 157.654473 158.114158 158.584473
158.700118 159.035954 159.145573 159.240003 158.797592 159.554035
159.599176 160.343439 99999.000000 99999.000000 99999.000000 99999.000000
99999.000000 99999.000000 99999.000000 99999.000000 99999.000000 99999.000000
99999.000000 99999.000000 156.293052 156.226368 156.161298 156.431604
156.640095 156.708894 156.605374 156.909468 157.050527 157.305264
157.778162 157.936482 158.521445 158.598184 159.082106 159.325251
158.988639 159.182714 159.489423 159.932585 160.441456 99999.000000
99999.000000 99999.000000 99999.000000 99999.000000 99999.000000 99999.000000
99999.000000 99999.000000 99999.000000 99999.000000 99999.000000 156.401237
156.305717 156.311902 156.306734 156.546624 156.683808 156.591991
156.948930 156.929666 157.376119 157.594884 157.762552 157.968418
158.418541 158.972380 159.131878 158.465606 159.106303 99999.000000
160.101613 160.447428 99999.000000 99999.000000 99999.000000 99999.000000
99999.000000 99999.000000 99999.000000 99999.000000 99999.000000 99999.000000
99999.000000 99999.000000 155.958777 156.139441 156.644805 156.448938
156.725287 156.610523 156.579702 156.516003 156.859962 157.360799
157.572011 157.805719 158.097627 158.450653 159.197659 158.793813
158.939020 159.015871 159.466546 160.498975 161.157238 99999.000000
99999.000000 99999.000000 99999.000000 99999.000000 99999.000000 99999.000000
99999.000000 99999.000000 99999.000000 99999.000000 99999.000000 156.108946
156.031373 156.565775 156.751561 156.588459 156.661271 157.081116
156.603968 156.965322 157.356635 157.592998 157.530118 158.035008
158.921147 159.315915 159.507497 159.686878 159.422397 159.790683
160.501146 161.489320 99999.000000 99999.000000 99999.000000 99999.000000
99999.000000 99999.000000 99999.000000 99999.000000 99999.000000 99999.000000
99999.000000 99999.000000 155.759847 155.963100 156.244751 156.740552
156.629747 156.638415 156.877139 156.528865 156.988831 157.265086
157.582858 157.694646 158.013716 158.641025 159.612788 159.524818
160.751052 159.327469 160.072405 161.166991 161.757541 99999.000000
99999.000000 99999.000000 99999.000000 99999.000000 99999.000000 99999.000000
99999.000000 99999.000000 99999.000000 99999.000000 99999.000000 155.601352
155.918422 156.216833 156.459715 156.575644 156.706047 156.917461
156.588981 157.089503 157.273375 157.620402 157.683375 158.300736
159.176567 159.392094 160.225287 161.244686 159.600683 159.778076
161.364412 161.657925 99999.000000 99999.000000 99999.000000 99999.000000
99999.000000 99999.000000 99999.000000 99999.000000 99999.000000 99999.000000
99999.000000 99999.000000 155.458621 155.677988 156.312596 156.176434
156.643964 156.869254 157.027169 156.702658 157.088155 157.372109
157.807588 158.153155 158.612657 159.442267 160.094596 160.165445
160.957425 159.491954 160.781718 161.707368 99999.000000 99999.000000
99999.000000 99999.000000 99999.000000 99999.000000 99999.000000 99999.000000
99999.000000 99999.000000 99999.000000 99999.000000 99999.000000 155.966105
155.669137 156.387487 156.144520 156.754733 157.085150 157.429583
157.085600 157.480101 157.776720 158.135006 158.463776 159.115047
159.741263 160.212282 160.778535 161.745217 160.741612 161.429626
99999.000000 162.227707 99999.000000 99999.000000 99999.000000 99999.000000
99999.000000 99999.000000 99999.000000 99999.000000 99999.000000 99999.000000
99999.000000 99999.000000 156.717545 155.873828 156.363355 156.595805
156.905505 157.437638 157.708799 157.414976 157.751969 157.980945
158.444056 158.838280 159.169858 159.865589 160.669142 161.331866
162.088869 160.101288 160.383698 160.602570 160.786316 99999.000000
99999.000000 99999.000000 99999.000000 99999.000000 99999.000000 99999.000000
99999.000000 99999.000000 99999.000000 99999.000000 99999.000000 99999.000000
156.293295 156.578400 156.605222 157.231493 157.515075 158.020188
157.733471 158.138874 158.269273 158.709907 159.182016 159.683962
160.180746 160.913836 161.562713 162.170227 161.697231 160.506790
160.718338 99999.000000 99999.000000 99999.000000 99999.000000 99999.000000
99999.000000 99999.000000 99999.000000 99999.000000 99999.000000 99999.000000
99999.000000 99999.000000 99999.000000 156.316746 157.000827 157.274929
157.279706 157.834006 158.050943 157.973466 158.334501 158.875153
159.251369 159.601246 160.016508 160.369398 161.142532 161.635135
162.570018 161.486731 160.793416 161.883570 99999.000000 99999.000000
99999.000000 99999.000000 99999.000000 99999.000000 99999.000000 99999.000000
99999.000000 99999.000000 99999.000000 99999.000000 99999.000000 99999.000000
158.139469 157.187621 157.614433 157.742032 158.074905 158.288038
158.214184 158.575697 158.945010 159.525864 159.863940 160.400836
160.687713 161.220722 161.832548 162.959004 160.899913 161.955409
161.909427 99999.000000 99999.000000 99999.000000 99999.000000 99999.000000
99999.000000 99999.000000 99999.000000 99999.000000 99999.000000 99999.000000
99999.000000 99999.000000 99999.000000 99999.000000 157.376880 157.656392
158.068926 158.324987 158.561021 158.596271 158.972564 159.368721
159.949529 160.406271 160.755170 161.202518 161.609291 162.400784
163.343297 99999.000000 161.065140 160.960563 99999.000000 99999.000000
99999.000000 99999.000000 99999.000000 99999.000000 99999.000000 99999.000000
99999.000000 99999.000000 99999.000000 99999.000000 99999.000000 99999.000000
99999.000000 99999.000000 157.832511 158.309041 158.406199 158.663230
158.818789 159.258337 159.866661 160.352846 160.702921 161.047999
161.352747 161.897212 163.049732 163.427136 161.030838 160.928315
162.081125 99999.000000 99999.000000 99999.000000 99999.000000 99999.000000
99999.000000 99999.000000 99999.000000 99999.000000 99999.000000 99999.000000
99999.000000 99999.000000 99999.000000 99999.000000 99999.000000 157.236597
158.263300 158.441912 159.050709 159.180624 159.738306 160.388734
160.685269 160.970355 161.243638 161.530846 162.081411 163.155560
162.743596 161.783829 160.741681 99999.000000 99999.000000 99999.000000
99999.000000 99999.000000 99999.000000 99999.000000 99999.000000 99999.000000
99999.000000 99999.000000 99999.000000 99999.000000 99999.000000 99999.000000
99999.000000 99999.000000 99999.000000 158.134552 158.312111 159.160569
159.432872 160.009766 160.623769 160.818170 161.095435 161.351695
161.783650 162.239556 162.915207 161.988815 99999.000000 99999.000000
99999.000000 99999.000000 99999.000000 99999.000000 99999.000000 99999.000000
99999.000000 99999.000000 99999.000000 99999.000000 99999.000000 99999.000000
99999.000000 99999.000000 99999.000000 99999.000000 99999.000000 99999.000000
157.606980 158.320580 159.085793 159.659180 160.339120 160.838461
161.138132 161.413530 161.571596 161.732291 162.100116 162.684845
161.005453 99999.000000 99999.000000 99999.000000 99999.000000 99999.000000
99999.000000 99999.000000 99999.000000 99999.000000 99999.000000 99999.000000
99999.000000 99999.000000 99999.000000 99999.000000 99999.000000 99999.000000
99999.000000 99999.000000 99999.000000 158.779255 158.500236 159.307735
159.833443 160.116277 160.836303 161.179108 161.365146 161.561324
161.701971 161.925677 162.090427 99999.000000 99999.000000 99999.000000
99999.000000 99999.000000 99999.000000 99999.000000 99999.000000 99999.000000
99999.000000 99999.000000 99999.000000 99999.000000 99999.000000 99999.000000
99999.000000 99999.000000 99999.000000 99999.000000 99999.000000 99999.000000
99999.000000 158.410153 159.414667 159.774637 159.999970 160.753474
161.217496 161.624185 161.675656 161.708259 161.700267 99999.000000
99999.000000 99999.000000 99999.000000 99999.000000 99999.000000 99999.000000
99999.000000 99999.000000 99999.000000 99999.000000 99999.000000 99999.000000
99999.000000 99999.000000 99999.000000 99999.000000 99999.000000 99999.000000
99999.000000 99999.000000 99999.000000 99999.000000 158.397505 158.895653
159.453620 159.617979 160.044375 160.458512 160.963652 161.049128
161.016249 99999.000000 99999.000000 99999.000000 99999.000000 99999.000000
99999.000000 99999.000000 99999.000000 99999.000000 99999.000000 99999.000000
99999.000000 99999.000000 99999.000000 99999.000000 99999.000000 99999.000000
99999.000000 99999.000000 99999.000000 99999.000000 99999.000000 99999.000000
99999.000000 158.847196 159.269542 159.606222 159.697562 160.100445
160.712293 160.882177 160.841990 99999.000000 99999.000000 99999.000000
99999.000000 99999.000000 99999.000000 99999.000000 99999.000000 99999.000000
99999.000000 99999.000000 99999.000000 99999.000000 99999.000000 99999.000000
99999.000000 99999.000000 99999.000000 99999.000000 99999.000000 99999.000000
99999.000000 99999.000000 99999.000000 159.231005 159.536671 159.587771
159.807774 159.934979 160.292116 160.602697 160.066703 99999.000000
99999.000000 99999.000000 99999.000000 99999.000000 99999.000000 99999.000000
99999.000000 99999.000000 99999.000000 99999.000000 99999.000000 99999.000000
99999.000000 99999.000000 99999.000000 99999.000000 99999.000000 99999.000000
99999.000000 99999.000000 99999.000000 99999.000000 99999.000000 99999.000000
159.242402 159.767807 159.898381 159.988799 160.054811 160.343629
99999.000000 99999.000000 99999.000000 99999.000000 99999.000000 99999.000000
99999.000000 99999.000000 99999.000000 99999.000000 99999.000000 99999.000000
99999.000000 99999.000000 99999.000000 99999.000000 99999.000000 99999.000000
99999.000000 99999.000000 99999.000000 99999.000000 99999.000000 99999.000000
99999.000000 99999.000000 99999.000000 159.421957 160.035420 160.119637
160.209025 160.156456 99999.000000 99999.000000 99999.000000 99999.000000
99999.000000 99999.000000 99999.000000 99999.000000 99999.000000 99999.000000
99999.000000 99999.000000 99999.000000 99999.000000 99999.000000 99999.000000
99999.000000 99999.000000 99999.000000 99999.000000 99999.000000 99999.000000
99999.000000 99999.000000 99999.000000 99999.000000 99999.000000 99999.000000
159.380668 160.149759 160.375278 160.224945 99999.000000 99999.000000
99999.000000 99999.000000 99999.000000 99999.000000 99999.000000 99999.000000
99999.000000 99999.000000 99999.000000 99999.000000 99999.000000 99999.000000
99999.000000 99999.000000 99999.000000 99999.000000 99999.000000 99999.000000
99999.000000 99999.000000 99999.000000 99999.000000 99999.000000 99999.000000
99999.000000 99999.000000 99999.000000 99999.000000 99999.000000 99999.000000
99999.000000 99999.000000 99999.000000 99999.000000 99999.000000 99999.000000
99999.000000 99999.000000 99999.000000 99999.000000 99999.000000 99999.000000
99999.000000 99999.000000 99999.000000 99999.000000 99999.000000 99999.000000
99999.000000 99999.000000 99999.000000 99999.000000 99999.000000 99999.000000
99999.000000 99999.000000 99999.000000 99999.000000 99999.000000 99999.000000
99999.000000 99999.000000 99999.000000 99999.000000 99999.000000 99999.000000
99999.000000 99999.000000 99999.000000 99999.000000 99999.000000 99999.000000
99999.000000 99999.000000 99999.000000 99999.000000 99999.000000 99999.000000
