-996 60 100.000000 100.000000
770396.845940 773596.845940 1101219.474783 1107119.474783
33 21.580402 770396.845940 1101219.474783
0 0 0 0 0 0 0
99999.000000 99999.000000 99999.000000 99999.000000 99999.000000 99999.000000
99999.000000 99999.000000 1.000000 1.000000 99999.000000 99999.000000
99999.000000 99999.000000 99999.000000 99999.000000 99999.000000 99999.000000
99999.000000 99999.000000 99999.000000 99999.000000 99999.000000 99999.000000
99999.000000 99999.000000 99999.000000 99999.000000 99999.000000 99999.000000
99999.000000 99999.000000 99999.000000 99999.000000 99999.000000 99999.000000
99999.000000 99999.000000 99999.000000 0.948154 1.000000 1.000000
1.000000 1.000000 1.000000 1.000000 1.000000 1.000000
1.000000 1.000000 0.861968 0.950090 1.000000 99999.000000
99999.000000 99999.000000 99999.000000 99999.000000 99999.000000 99999.000000
99999.000000 99999.000000 99999.000000 99999.000000 99999.000000 99999.000000
99999.000000 99999.000000 99999.000000 99999.000000 99999.000000 0.708143
1.000000 1.000000 1.000000 1.000000 1.000000 1.000000
1.000000 1.000000 1.000000 1.000000 0.576513 0.897558
0.938412 0.878134 0.927853 0.975827 1.000000 1.000000
1.000000 1.000000 1.000000 1.000000 1.000000 1.000000
1.000000 1.000000 99999.000000 99999.000000 99999.000000 99999.000000
99999.000000 0.858421 0.771911 1.000000 1.000000 1.000000
1.000000 1.000000 0.914647 1.000000 1.000000 1.000000
1.000000 0.913174 0.837624 0.904085 0.905438 0.868657
0.864927 0.907062 0.944232 1.000000 1.000000 1.000000
1.000000 1.000000 1.000000 1.000000 1.000000 99999.000000
99999.000000 99999.000000 99999.000000 99999.000000 0.299903 0.846644
1.000000 1.000000 1.000000 1.000000 0.898433 0.832238
0.941558 0.792210 0.541473 0.658056 0.832761 0.770545
0.805660 0.778990 0.752007 0.804711 0.882346 1.000000
0.998288 1.000000 1.000000 1.000000 1.000000 1.000000
1.000000 99999.000000 99999.000000 99999.000000 99999.000000 99999.000000
0.507579 0.811165 0.935813 1.000000 1.000000 1.000000
0.883635 0.738354 0.565069 0.475568 0.338377 0.349124
0.368197 0.508725 0.475868 0.583364 0.637265 0.578272
0.621455 0.780933 0.894711 0.892953 0.938128 1.000000
1.000000 1.000000 1.000000 1.000000 99999.000000 99999.000000
99999.000000 99999.000000 99999.000000 0.850586 0.848461 0.974119
1.000000 1.000000 0.925781 0.819628 0.754970 0.663366
0.638963 0.513752 0.282460 0.298935 0.277330 0.349929
0.355505 0.438407 0.503218 0.552439 0.534995 0.656361
0.735438 0.854999 0.948933 1.000000 1.000000 1.000000
1.000000 99999.000000 99999.000000 99999.000000 99999.000000 99999.000000
99999.000000 0.753442 1.000000 0.955028 0.929046 0.864034
0.717339 0.642875 0.577600 0.436521 0.575776 0.551335
0.520626 0.661369 0.696783 0.746083 0.802469 0.801678
0.776760 0.800769 0.809704 0.845790 0.830441 0.857262
1.000000 1.000000 1.000000 1.000000 99999.000000 99999.000000
99999.000000 99999.000000 99999.000000 99999.000000 1.000000 0.906510
0.923649 0.896322 0.692960 0.622041 0.499306 0.474208
0.450384 0.435622 0.323549 0.494696 0.569198 0.603555
0.715744 0.744480 0.755461 0.750318 0.772389 0.818977
0.810578 0.728643 0.839131 1.000000 1.000000 1.000000
1.000000 99999.000000 99999.000000 99999.000000 99999.000000 99999.000000
99999.000000 99999.000000 0.942451 0.732044 0.639555 0.582627
0.609889 0.502677 0.459407 0.549497 0.367361 0.428155
0.506728 0.600867 0.555581 0.598625 0.687753 0.679712
0.714145 0.712806 0.787759 0.730366 0.758594 0.728906
0.936449 1.000000 1.000000 1.000000 99999.000000 99999.000000
99999.000000 99999.000000 99999.000000 99999.000000 99999.000000 99999.000000
0.567980 0.618219 0.561254 0.437388 0.518167 0.310845
0.376714 0.357161 0.385697 0.513131 0.526539 0.592134
0.616671 0.621161 0.661887 0.632020 0.663755 0.742106
0.770580 0.706758 0.724473 0.897536 0.995772 1.000000
1.000000 99999.000000 99999.000000 99999.000000 99999.000000 99999.000000
99999.000000 99999.000000 99999.000000 99999.000000 0.403466 0.372837
0.281182 0.278587 0.279351 0.300231 0.392012 0.457944
0.505333 0.541712 0.530972 0.548725 0.616677 0.643021
0.644274 0.657277 0.682200 0.764053 0.597177 0.632372
0.872248 0.881948 1.000000 1.000000 99999.000000 99999.000000
99999.000000 99999.000000 99999.000000 99999.000000 99999.000000 99999.000000
99999.000000 0.408908 0.214192 0.229533 0.255500 0.277764
0.269660 0.302391 0.480533 0.469769 0.455754 0.486869
0.628294 0.550987 0.624521 0.630524 0.631784 0.639096
0.751578 0.537306 0.672008 0.747627 0.798914 1.000000
1.000000 99999.000000 99999.000000 99999.000000 99999.000000 99999.000000
99999.000000 99999.000000 99999.000000 99999.000000 99999.000000 0.247730
0.251302 0.247241 0.250514 0.259500 0.305536 0.379609
0.365223 0.474223 0.525245 0.556148 0.572091 0.632552
0.606997 0.592609 0.634017 0.643014 0.415044 0.629249
0.743088 0.632811 0.989245 1.000000 1.000000 99999.000000
99999.000000 99999.000000 99999.000000 99999.000000 99999.000000 99999.000000
99999.000000 99999.000000 99999.000000 0.289362 0.254859 0.244131
0.288658 0.248383 0.331659 0.456015 0.400613 0.485705
0.533525 0.581422 0.631485 0.656737 0.610456 0.597653
0.608851 0.375501 0.545473 0.756300 0.513172 0.860416
1.000000 1.000000 99999.000000 99999.000000 99999.000000 99999.000000
99999.000000 99999.000000 99999.000000 99999.000000 99999.000000 99999.000000
0.239044 0.242119 0.233576 0.360699 0.364893 0.330330
0.404508 0.397513 0.497949 0.529776 0.651648 0.661187
0.680935 0.564421 0.550407 0.557281 0.397402 0.652949
0.731756 0.531579 0.689255 1.000000 1.000000 99999.000000
99999.000000 99999.000000 99999.000000 99999.000000 99999.000000 99999.000000
99999.000000 99999.000000 99999.000000 99999.000000 0.232887 0.220112
0.288778 0.231078 0.364076 0.345076 0.368446 0.507461
0.547538 0.675232 0.654471 0.732606 0.587266 0.683702
0.594533 0.483604 0.490228 0.628276 0.384916 0.674672
1.000000 1.000000 99999.000000 99999.000000 99999.000000 99999.000000
99999.000000 99999.000000 99999.000000 99999.000000 99999.000000 99999.000000
99999.000000 0.221915 0.234810 0.223750 0.365269 0.374724
0.372777 0.281371 0.466402 0.525712 0.600205 0.689819
0.713862 0.668783 0.664507 0.598588 0.608644 0.606862
0.712963 0.535670 0.613313 0.925342 1.000000 99999.000000
99999.000000 99999.000000 99999.000000 99999.000000 99999.000000 99999.000000
99999.000000 99999.000000 99999.000000 99999.000000 99999.000000 0.226139
0.226963 0.348136 0.285044 0.296642 0.322464 0.455501
0.524375 0.534120 0.691975 0.752612 0.634993 0.677851
0.609714 0.383086 0.566284 0.818449 0.787698 0.419323
0.859985 1.000000 99999.000000 99999.000000 99999.000000 99999.000000
99999.000000 99999.000000 99999.000000 99999.000000 99999.000000 99999.000000
99999.000000 99999.000000 0.254926 0.193754 0.254106 0.264768
0.260979 0.392285 0.497699 0.499910 0.545939 0.642391
0.654690 0.587884 0.650458 0.649179 0.638359 0.666985
0.796012 0.933351 0.386095 0.707696 0.987843 99999.000000
99999.000000 99999.000000 99999.000000 99999.000000 99999.000000 99999.000000
99999.000000 99999.000000 99999.000000 99999.000000 99999.000000 0.304246
0.206470 0.225777 0.186982 0.269817 0.438697 0.470406
0.479201 0.478631 0.565658 0.554447 0.537353 0.629386
0.552575 0.656062 0.750316 0.846258 0.955221 0.394380
0.792696 0.787123 99999.000000 99999.000000 99999.000000 99999.000000
99999.000000 99999.000000 99999.000000 99999.000000 99999.000000 99999.000000
99999.000000 99999.000000 99999.000000 0.204095 0.251610 0.193834
0.336772 0.385657 0.403610 0.459217 0.419350 0.476395
0.414705 0.448960 0.486153 0.485616 0.727295 0.833674
0.878208 0.957778 0.406751 0.769053 0.796001 99999.000000
99999.000000 99999.000000 99999.000000 99999.000000 99999.000000 99999.000000
99999.000000 99999.000000 99999.000000 99999.000000 99999.000000 99999.000000
0.221706 0.231424 0.235212 0.267055 0.353493 0.427638
0.456227 0.468054 0.533206 0.383916 0.417934 0.484777
0.552088 0.743857 0.744087 0.778244 0.921569 0.337363
0.769462 0.791168 99999.000000 99999.000000 99999.000000 99999.000000
99999.000000 99999.000000 99999.000000 99999.000000 99999.000000 99999.000000
99999.000000 99999.000000 99999.000000 0.237913 0.215992 0.246990
0.259803 0.361296 0.343157 0.406011 0.493234 0.424930
0.376549 0.386412 0.466161 0.664639 0.674325 0.706164
0.888222 0.873075 0.347969 0.449854 0.937662 99999.000000
99999.000000 99999.000000 99999.000000 99999.000000 99999.000000 99999.000000
99999.000000 99999.000000 99999.000000 99999.000000 99999.000000 99999.000000
99999.000000 0.216688 0.270149 0.237289 0.264411 0.289162
0.463594 0.468648 0.334605 0.352185 0.412681 0.528356
0.639846 0.641170 0.673022 0.797921 0.836175 99999.000000
0.808018 0.924737 99999.000000 99999.000000 99999.000000 99999.000000
99999.000000 99999.000000 99999.000000 99999.000000 99999.000000 99999.000000
99999.000000 99999.000000 99999.000000 99999.000000 0.310907 0.225124
0.236293 0.248502 0.355437 0.482455 0.382747 0.265200
0.298793 0.463442 0.568710 0.688568 0.671233 0.677536
0.782337 0.885257 99999.000000 0.869570 1.000000 99999.000000
99999.000000 99999.000000 99999.000000 99999.000000 99999.000000 99999.000000
99999.000000 99999.000000 99999.000000 99999.000000 99999.000000 99999.000000
99999.000000 0.281449 0.299975 0.429762 0.371583 0.404329
0.410874 0.318615 0.332078 0.388409 0.455635 0.550097
0.585092 0.693289 0.683837 0.811892 1.000000 0.565461
1.000000 99999.000000 99999.000000 99999.000000 99999.000000 99999.000000
99999.000000 99999.000000 99999.000000 99999.000000 99999.000000 99999.000000
99999.000000 99999.000000 99999.000000 99999.000000 0.241728 0.382874
0.424695 0.420594 0.415605 0.365634 0.261212 0.256737
0.443646 0.401470 0.585523 0.553299 0.665901 0.802701
0.826543 0.886402 99999.000000 99999.000000 1.000000 99999.000000
99999.000000 99999.000000 99999.000000 99999.000000 99999.000000 99999.000000
99999.000000 99999.000000 99999.000000 99999.000000 99999.000000 99999.000000
99999.000000 0.238730 0.356562 0.396022 0.436815 0.428470
0.350489 0.302141 0.266404 0.396256 0.495443 0.587536
0.676968 0.655653 0.727057 0.828939 1.000000 0.342700
0.795553 1.000000 99999.000000 99999.000000 99999.000000 99999.000000
99999.000000 99999.000000 99999.000000 99999.000000 99999.000000 99999.000000
99999.000000 99999.000000 99999.000000 99999.000000 0.277344 0.262452
0.324573 0.400593 0.387889 0.369991 0.265482 0.236159
0.312793 0.486433 0.562575 0.647492 0.671466 0.690038
0.747883 1.000000 0.521855 0.946892 1.000000 99999.000000
99999.000000 99999.000000 99999.000000 99999.000000 99999.000000 99999.000000
99999.000000 99999.000000 99999.000000 99999.000000 99999.000000 99999.000000
0.239054 0.244501 0.267497 0.269900 0.339508 0.357753
0.377296 0.224399 0.286730 0.388419 0.493520 0.556787
0.623072 0.699681 0.732642 0.710988 0.491480 0.383944
1.000000 1.000000 99999.000000 99999.000000 99999.000000 99999.000000
99999.000000 99999.000000 99999.000000 99999.000000 99999.000000 99999.000000
99999.000000 99999.000000 99999.000000 0.255633 0.226126 0.242172
0.279016 0.297783 0.347053 0.423914 0.215531 0.268433
0.421702 0.480720 0.555867 0.625761 0.748121 0.877370
0.830501 0.662389 0.656071 1.000000 1.000000 99999.000000
99999.000000 99999.000000 99999.000000 99999.000000 99999.000000 99999.000000
99999.000000 99999.000000 99999.000000 99999.000000 99999.000000 0.334343
0.224998 0.231407 0.277485 0.249236 0.276268 0.329963
0.441583 0.219596 0.275153 0.357396 0.451964 0.603372
0.606831 0.776047 0.819302 0.828992 0.674276 1.000000
1.000000 1.000000 99999.000000 99999.000000 99999.000000 99999.000000
99999.000000 99999.000000 99999.000000 99999.000000 99999.000000 99999.000000
99999.000000 99999.000000 0.239341 0.224538 0.242304 0.216633
0.240594 0.251796 0.326437 0.381679 0.239947 0.259108
0.399060 0.403136 0.560439 0.583143 0.752775 0.834663
0.699647 1.000000 1.000000 1.000000 1.000000 99999.000000
99999.000000 99999.000000 99999.000000 99999.000000 99999.000000 99999.000000
99999.000000 99999.000000 99999.000000 99999.000000 99999.000000 0.223600
0.228291 0.236731 0.239791 0.232258 0.257611 0.306572
0.391071 0.252110 0.341026 0.353504 0.367770 0.351028
0.504081 0.736589 0.760487 0.431483 0.903971 99999.000000
1.000000 1.000000 99999.000000 99999.000000 99999.000000 99999.000000
99999.000000 99999.000000 99999.000000 99999.000000 99999.000000 99999.000000
99999.000000 99999.000000 0.222615 0.207810 0.242658 0.233824
0.240097 0.257173 0.304939 0.285495 0.284123 0.325612
0.342803 0.364523 0.437462 0.537030 0.855981 0.581538
0.664346 0.665349 1.000000 1.000000 1.000000 99999.000000
99999.000000 99999.000000 99999.000000 99999.000000 99999.000000 99999.000000
99999.000000 99999.000000 99999.000000 99999.000000 99999.000000 0.229419
0.207444 0.241631 0.254350 0.233027 0.293932 0.376440
0.265693 0.267496 0.343049 0.360668 0.300025 0.414206
0.726803 0.756531 0.634694 0.778171 1.000000 1.000000
1.000000 1.000000 99999.000000 99999.000000 99999.000000 99999.000000
99999.000000 99999.000000 99999.000000 99999.000000 99999.000000 99999.000000
99999.000000 99999.000000 0.220572 0.218003 0.226050 0.253093
0.249107 0.299737 0.366323 0.225242 0.286384 0.299113
0.380630 0.366283 0.444400 0.635750 0.780695 0.713294
0.918778 1.000000 1.000000 1.000000 1.000000 99999.000000
99999.000000 99999.000000 99999.000000 99999.000000 99999.000000 99999.000000
99999.000000 99999.000000 99999.000000 99999.000000 99999.000000 0.220309
0.240200 0.211545 0.222240 0.222735 0.273924 0.330624
0.235859 0.276872 0.291694 0.376343 0.351047 0.554548
0.772991 0.719341 0.818737 0.975406 1.000000 1.000000
1.000000 1.000000 99999.000000 99999.000000 99999.000000 99999.000000
99999.000000 99999.000000 99999.000000 99999.000000 99999.000000 99999.000000
99999.000000 99999.000000 0.212412 0.233738 0.229122 0.202778
0.249854 0.297506 0.366651 0.241367 0.259958 0.295188
0.433873 0.491480 0.639529 0.752989 0.792881 0.935034
1.000000 1.000000 1.000000 1.000000 99999.000000 99999.000000
99999.000000 99999.000000 99999.000000 99999.000000 99999.000000 99999.000000
99999.000000 99999.000000 99999.000000 99999.000000 99999.000000 0.211136
0.203322 0.227651 0.224191 0.257936 0.334304 0.435112
0.269573 0.342990 0.389765 0.514162 0.559316 0.691296
0.787773 0.883674 1.000000 1.000000 1.000000 1.000000
99999.000000 1.000000 99999.000000 99999.000000 99999.000000 99999.000000
99999.000000 99999.000000 99999.000000 99999.000000 99999.000000 99999.000000
99999.000000 99999.000000 0.249147 0.195095 0.235828 0.247542
0.283912 0.383140 0.468274 0.294806 0.407143 0.437655
0.555353 0.659082 0.710298 0.810622 0.946264 1.000000
1.000000 1.000000 1.000000 1.000000 1.000000 99999.000000
99999.000000 99999.000000 99999.000000 99999.000000 99999.000000 99999.000000
99999.000000 99999.000000 99999.000000 99999.000000 99999.000000 99999.000000
0.215073 0.251434 0.263448 0.344354 0.375684 0.499083
0.363998 0.495300 0.526749 0.623469 0.695152 0.782204
0.862905 0.993371 1.000000 1.000000 1.000000 1.000000
1.000000 99999.000000 99999.000000 99999.000000 99999.000000 99999.000000
99999.000000 99999.000000 99999.000000 99999.000000 99999.000000 99999.000000
99999.000000 99999.000000 99999.000000 0.237719 0.261925 0.288560
0.320592 0.457219 0.456426 0.444391 0.545858 0.652164
0.717140 0.794352 0.856390 0.936592 1.000000 1.000000
1.000000 1.000000 1.000000 1.000000 99999.000000 99999.000000
99999.000000 99999.000000 99999.000000 99999.000000 99999.000000 99999.000000
99999.000000 99999.000000 99999.000000 99999.000000 99999.000000 99999.000000
0.294358 0.278735 0.378596 0.425065 0.489202 0.499184
0.492894 0.580513 0.669198 0.780129 0.842298 0.914291
1.000000 1.000000 1.000000 1.000000 1.000000 1.000000
1.000000 99999.000000 99999.000000 99999.000000 99999.000000 99999.000000
99999.000000 99999.000000 99999.000000 99999.000000 99999.000000 99999.000000
99999.000000 99999.000000 99999.000000 99999.000000 0.276116 0.396768
0.497322 0.551349 0.543811 0.586197 0.694151 0.746006
0.855132 0.926237 0.978067 1.000000 1.000000 1.000000
1.000000 99999.000000 1.000000 1.000000 99999.000000 99999.000000
99999.000000 99999.000000 99999.000000 99999.000000 99999.000000 99999.000000
99999.000000 99999.000000 99999.000000 99999.000000 99999.000000 99999.000000
99999.000000 99999.000000 0.555322 0.541235 0.586010 0.589422
0.618020 0.744010 0.876188 0.932209 0.987585 1.000000
1.000000 1.000000 1.000000 1.000000 1.000000 1.000000
1.000000 99999.000000 99999.000000 99999.000000 99999.000000 99999.000000
99999.000000 99999.000000 99999.000000 99999.000000 99999.000000 99999.000000
99999.000000 99999.000000 99999.000000 99999.000000 99999.000000 0.489726
0.547496 0.599792 0.691979 0.689748 0.863766 0.945343
1.000000 1.000000 1.000000 1.000000 1.000000 1.000000
1.000000 1.000000 1.000000 99999.000000 99999.000000 99999.000000
99999.000000 99999.000000 99999.000000 99999.000000 99999.000000 99999.000000
99999.000000 99999.000000 99999.000000 99999.000000 99999.000000 99999.000000
99999.000000 99999.000000 99999.000000 0.453334 0.518399 0.717321
0.768709 0.911339 0.993758 1.000000 1.000000 1.000000
1.000000 1.000000 1.000000 1.000000 99999.000000 99999.000000
99999.000000 99999.000000 99999.000000 99999.000000 99999.000000 99999.000000
99999.000000 99999.000000 99999.000000 99999.000000 99999.000000 99999.000000
99999.000000 99999.000000 99999.000000 99999.000000 99999.000000 99999.000000
0.309643 0.445538 0.680210 0.833564 0.961954 1.000000
1.000000 1.000000 1.000000 1.000000 1.000000 1.000000
1.000000 99999.000000 99999.000000 99999.000000 99999.000000 99999.000000
99999.000000 99999.000000 99999.000000 99999.000000 99999.000000 99999.000000
99999.000000 99999.000000 99999.000000 99999.000000 99999.000000 99999.000000
99999.000000 99999.000000 99999.000000 0.709833 0.527703 0.742440
0.867866 0.984351 1.000000 1.000000 1.000000 1.000000
1.000000 1.000000 1.000000 99999.000000 99999.000000 99999.000000
99999.000000 99999.000000 99999.000000 99999.000000 99999.000000 99999.000000
99999.000000 99999.000000 99999.000000 99999.000000 99999.000000 99999.000000
99999.000000 99999.000000 99999.000000 99999.000000 99999.000000 99999.000000
99999.000000 0.521914 0.756814 0.872322 1.000000 1.000000
1.000000 1.000000 1.000000 1.000000 1.000000 99999.000000
99999.000000 99999.000000 99999.000000 99999.000000 99999.000000 99999.000000
99999.000000 99999.000000 99999.000000 99999.000000 99999.000000 99999.000000
99999.000000 99999.000000 99999.000000 99999.000000 99999.000000 99999.000000
99999.000000 99999.000000 99999.000000 99999.000000 0.478567 0.714823
0.935748 1.000000 1.000000 1.000000 1.000000 1.000000
1.000000 99999.000000 99999.000000 99999.000000 99999.000000 99999.000000
99999.000000 99999.000000 99999.000000 99999.000000 99999.000000 99999.000000
99999.000000 99999.000000 99999.000000 99999.000000 99999.000000 99999.000000
99999.000000 99999.000000 99999.000000 99999.000000 99999.000000 99999.000000
99999.000000 0.735210 0.858061 0.985201 1.000000 1.000000
1.000000 1.000000 1.000000 99999.000000 99999.000000 99999.000000
99999.000000 99999.000000 99999.000000 99999.000000 99999.000000 99999.000000
99999.000000 99999.000000 99999.000000 99999.000000 99999.000000 99999.000000
99999.000000 99999.000000 99999.000000 99999.000000 99999.000000 99999.000000
99999.000000 99999.000000 99999.000000 1.000000 0.913386 0.956376
1.000000 1.000000 1.000000 1.000000 1.000000 99999.000000
99999.000000 99999.000000 99999.000000 99999.000000 99999.000000 99999.000000
99999.000000 99999.000000 99999.000000 99999.000000 99999.000000 99999.000000
99999.000000 99999.000000 99999.000000 99999.000000 99999.000000 99999.000000
99999.000000 99999.000000 99999.000000 99999.000000 99999.000000 99999.000000
0.850612 1.000000 1.000000 1.000000 1.000000 1.000000
99999.000000 99999.000000 99999.000000 99999.000000 99999.000000 99999.000000
99999.000000 99999.000000 99999.000000 99999.000000 99999.000000 99999.000000
99999.000000 99999.000000 99999.000000 99999.000000 99999.000000 99999.000000
99999.000000 99999.000000 99999.000000 99999.000000 99999.000000 99999.000000
99999.000000 99999.000000 99999.000000 1.000000 1.000000 1.000000
1.000000 1.000000 99999.000000 99999.000000 99999.000000 99999.000000
99999.000000 99999.000000 99999.000000 99999.000000 99999.000000 99999.000000
99999.000000 99999.000000 99999.000000 99999.000000 99999.000000 99999.000000
99999.000000 99999.000000 99999.000000 99999.000000 99999.000000 99999.000000
99999.000000 99999.000000 99999.000000 99999.000000 99999.000000 99999.000000
1.000000 1.000000 1.000000 1.000000 99999.000000 99999.000000
99999.000000 99999.000000 99999.000000 99999.000000 99999.000000 99999.000000
99999.000000 99999.000000 99999.000000 99999.000000 99999.000000 99999.000000
99999.000000 99999.000000 99999.000000 99999.000000 99999.000000 99999.000000
99999.000000 99999.000000 99999.000000 99999.000000 99999.000000 99999.000000
99999.000000 99999.000000 99999.000000 99999.000000 99999.000000 99999.000000
99999.000000 99999.000000 99999.000000 99999.000000 99999.000000 99999.000000
99999.000000 99999.000000 99999.000000 99999.000000 99999.000000 99999.000000
99999.000000 99999.000000 99999.000000 99999.000000 99999.000000 99999.000000
99999.000000 99999.000000 99999.000000 99999.000000 99999.000000 99999.000000
99999.000000 99999.000000 99999.000000 99999.000000 99999.000000 99999.000000
99999.000000 99999.000000 99999.000000 99999.000000 99999.000000 99999.000000
99999.000000 99999.000000 99999.000000 99999.000000 99999.000000 99999.000000
99999.000000 99999.000000 99999.000000 99999.000000 99999.000000 99999.000000
