-996 60 100.000000 100.000000
770396.845940 773596.845940 1101219.474783 1107119.474783
33 21.580402 770396.845940 1101219.474783
0 0 0 0 0 0 0
99999.000000 99999.000000 99999.000000 99999.000000 99999.000000 99999.000000
99999.000000 99999.000000 0.000000 0.000000 99999.000000 99999.000000
99999.000000 99999.000000 99999.000000 99999.000000 99999.000000 99999.000000
99999.000000 99999.000000 99999.000000 99999.000000 99999.000000 99999.000000
99999.000000 99999.000000 99999.000000 99999.000000 99999.000000 99999.000000
99999.000000 99999.000000 99999.000000 99999.000000 99999.000000 99999.000000
99999.000000 99999.000000 99999.000000 0.051846 0.000000 0.000000
0.000000 0.000000 0.000000 0.000000 0.000000 0.000000
0.000000 0.000000 0.138032 0.049910 0.000000 99999.000000
99999.000000 99999.000000 99999.000000 99999.000000 99999.000000 99999.000000
99999.000000 99999.000000 99999.000000 99999.000000 99999.000000 99999.000000
99999.000000 99999.000000 99999.000000 99999.000000 99999.000000 0.291857
0.000000 0.000000 0.000000 0.000000 0.000000 0.000000
0.000000 0.000000 0.000000 0.000000 0.423487 0.102442
0.061588 0.121866 0.072147 0.024173 0.000000 0.000000
0.000000 0.000000 0.000000 0.000000 0.000000 0.000000
0.000000 0.000000 99999.000000 99999.000000 99999.000000 99999.000000
99999.000000 0.141579 0.228089 0.000000 0.000000 0.000000
0.000000 0.000000 0.085353 0.000000 0.000000 0.000000
0.000000 0.086826 0.162376 0.095915 0.094562 0.131343
0.135073 0.092938 0.055768 0.000000 0.000000 0.000000
0.000000 0.000000 0.000000 0.000000 0.000000 99999.000000
99999.000000 99999.000000 99999.000000 99999.000000 0.700097 0.153356
0.000000 0.000000 0.000000 0.000000 0.101567 0.167762
0.058442 0.207790 0.458527 0.341944 0.167239 0.229455
0.194340 0.221010 0.247993 0.195289 0.117654 0.000000
0.001712 0.000000 0.000000 0.000000 0.000000 0.000000
0.000000 99999.000000 99999.000000 99999.000000 99999.000000 99999.000000
0.492421 0.188835 0.064187 0.000000 0.000000 0.000000
0.116365 0.261646 0.434931 0.524432 0.661623 0.650876
0.631803 0.491275 0.524132 0.416636 0.362735 0.421728
0.378545 0.219067 0.105289 0.107047 0.061872 0.000000
0.000000 0.000000 0.000000 0.000000 99999.000000 99999.000000
99999.000000 99999.000000 99999.000000 0.149414 0.151539 0.025881
0.000000 0.000000 0.074219 0.180372 0.245030 0.336634
0.361037 0.486248 0.717540 0.701065 0.722670 0.650071
0.644494 0.561593 0.496782 0.447561 0.465005 0.343639
0.264562 0.145001 0.051067 0.000000 0.000000 0.000000
0.000000 99999.000000 99999.000000 99999.000000 99999.000000 99999.000000
99999.000000 0.246558 0.000000 0.044972 0.070954 0.135966
0.282661 0.357125 0.422400 0.563479 0.424224 0.448665
0.479374 0.338631 0.303217 0.253917 0.197531 0.198322
0.223240 0.199231 0.190296 0.154210 0.169559 0.142738
0.000000 0.000000 0.000000 0.000000 99999.000000 99999.000000
99999.000000 99999.000000 99999.000000 99999.000000 0.000000 0.093490
0.076351 0.103678 0.307040 0.377959 0.500694 0.525792
0.549616 0.564378 0.676451 0.505304 0.430802 0.396445
0.284256 0.255520 0.244539 0.249682 0.227611 0.181023
0.189422 0.271357 0.160869 0.000000 0.000000 0.000000
0.000000 99999.000000 99999.000000 99999.000000 99999.000000 99999.000000
99999.000000 99999.000000 0.057549 0.267956 0.360445 0.417373
0.390111 0.497323 0.540593 0.450503 0.632639 0.571845
0.493272 0.399133 0.444419 0.401375 0.312247 0.320288
0.285855 0.287194 0.212241 0.269634 0.241406 0.271094
0.063551 0.000000 0.000000 0.000000 99999.000000 99999.000000
99999.000000 99999.000000 99999.000000 99999.000000 99999.000000 99999.000000
0.432020 0.381781 0.438746 0.562612 0.481833 0.689155
0.623286 0.642839 0.614303 0.486869 0.473461 0.407866
0.383329 0.378839 0.338113 0.367980 0.336245 0.257894
0.229420 0.293242 0.275527 0.102464 0.004228 0.000000
0.000000 99999.000000 99999.000000 99999.000000 99999.000000 99999.000000
99999.000000 99999.000000 99999.000000 99999.000000 0.596534 0.627163
0.718818 0.721413 0.720649 0.699769 0.607988 0.542056
0.494667 0.458288 0.469028 0.451275 0.383323 0.356979
0.355726 0.342723 0.317800 0.235947 0.402823 0.367628
0.127752 0.118052 0.000000 0.000000 99999.000000 99999.000000
99999.000000 99999.000000 99999.000000 99999.000000 99999.000000 99999.000000
99999.000000 0.591091 0.785808 0.770467 0.744500 0.722236
0.730340 0.697609 0.519467 0.530231 0.544246 0.513131
0.371706 0.449013 0.375479 0.369476 0.368216 0.360904
0.248422 0.462694 0.327992 0.252373 0.201086 0.000000
0.000000 99999.000000 99999.000000 99999.000000 99999.000000 99999.000000
99999.000000 99999.000000 99999.000000 99999.000000 99999.000000 0.752270
0.748698 0.752759 0.749486 0.740500 0.694464 0.620391
0.634777 0.525777 0.474755 0.443852 0.427909 0.367448
0.393003 0.407391 0.365983 0.356986 0.584956 0.370751
0.256912 0.367189 0.010755 0.000000 0.000000 99999.000000
99999.000000 99999.000000 99999.000000 99999.000000 99999.000000 99999.000000
99999.000000 99999.000000 99999.000000 0.710638 0.745141 0.755869
0.711342 0.751617 0.668341 0.543985 0.599387 0.514295
0.466475 0.418578 0.368515 0.343263 0.389544 0.402347
0.391149 0.624499 0.454527 0.243700 0.486828 0.139584
0.000000 0.000000 99999.000000 99999.000000 99999.000000 99999.000000
99999.000000 99999.000000 99999.000000 99999.000000 99999.000000 99999.000000
0.760956 0.757881 0.766424 0.639301 0.635107 0.669670
0.595492 0.602487 0.502051 0.470224 0.348352 0.338813
0.319065 0.435579 0.449593 0.442719 0.602598 0.347051
0.268244 0.468421 0.310745 0.000000 0.000000 99999.000000
99999.000000 99999.000000 99999.000000 99999.000000 99999.000000 99999.000000
99999.000000 99999.000000 99999.000000 99999.000000 0.767113 0.779888
0.711222 0.768922 0.635924 0.654924 0.631554 0.492539
0.452462 0.324768 0.345529 0.267394 0.412734 0.316298
0.405467 0.516396 0.509772 0.371724 0.615084 0.325328
0.000000 0.000000 99999.000000 99999.000000 99999.000000 99999.000000
99999.000000 99999.000000 99999.000000 99999.000000 99999.000000 99999.000000
99999.000000 0.778085 0.765190 0.776250 0.634731 0.625276
0.627223 0.718629 0.533598 0.474288 0.399795 0.310181
0.286138 0.331217 0.335493 0.401412 0.391356 0.393138
0.287037 0.464330 0.386687 0.074658 0.000000 99999.000000
99999.000000 99999.000000 99999.000000 99999.000000 99999.000000 99999.000000
99999.000000 99999.000000 99999.000000 99999.000000 99999.000000 0.773861
0.773037 0.651864 0.714956 0.703358 0.677536 0.544499
0.475625 0.465880 0.308025 0.247388 0.365007 0.322149
0.390286 0.616914 0.433716 0.181551 0.212302 0.580677
0.140015 0.000000 99999.000000 99999.000000 99999.000000 99999.000000
99999.000000 99999.000000 99999.000000 99999.000000 99999.000000 99999.000000
99999.000000 99999.000000 0.745074 0.806246 0.745894 0.735232
0.739021 0.607715 0.502301 0.500090 0.454061 0.357609
0.345310 0.412116 0.349542 0.350821 0.361641 0.333015
0.203988 0.066649 0.613905 0.292304 0.012157 99999.000000
99999.000000 99999.000000 99999.000000 99999.000000 99999.000000 99999.000000
99999.000000 99999.000000 99999.000000 99999.000000 99999.000000 0.695754
0.793530 0.774223 0.813018 0.730183 0.561303 0.529594
0.520799 0.521369 0.434342 0.445553 0.462647 0.370614
0.447425 0.343938 0.249684 0.153742 0.044779 0.605620
0.207304 0.212877 99999.000000 99999.000000 99999.000000 99999.000000
99999.000000 99999.000000 99999.000000 99999.000000 99999.000000 99999.000000
99999.000000 99999.000000 99999.000000 0.795905 0.748390 0.806166
0.663228 0.614343 0.596390 0.540783 0.580650 0.523605
0.585295 0.551040 0.513847 0.514384 0.272705 0.166326
0.121792 0.042222 0.593249 0.230947 0.203999 99999.000000
99999.000000 99999.000000 99999.000000 99999.000000 99999.000000 99999.000000
99999.000000 99999.000000 99999.000000 99999.000000 99999.000000 99999.000000
0.778294 0.768576 0.764788 0.732945 0.646507 0.572362
0.543773 0.531946 0.466794 0.616084 0.582066 0.515223
0.447912 0.256143 0.255913 0.221756 0.078431 0.662637
0.230538 0.208832 99999.000000 99999.000000 99999.000000 99999.000000
99999.000000 99999.000000 99999.000000 99999.000000 99999.000000 99999.000000
99999.000000 99999.000000 99999.000000 0.762087 0.784008 0.753010
0.740197 0.638704 0.656843 0.593989 0.506766 0.575070
0.623451 0.613588 0.533839 0.335361 0.325675 0.293836
0.111778 0.126925 0.652031 0.550146 0.062338 99999.000000
99999.000000 99999.000000 99999.000000 99999.000000 99999.000000 99999.000000
99999.000000 99999.000000 99999.000000 99999.000000 99999.000000 99999.000000
99999.000000 0.783312 0.729851 0.762711 0.735589 0.710838
0.536406 0.531352 0.665395 0.647815 0.587319 0.471644
0.360154 0.358830 0.326978 0.202079 0.163825 99999.000000
0.191982 0.075263 99999.000000 99999.000000 99999.000000 99999.000000
99999.000000 99999.000000 99999.000000 99999.000000 99999.000000 99999.000000
99999.000000 99999.000000 99999.000000 99999.000000 0.689093 0.774876
0.763707 0.751498 0.644563 0.517545 0.617253 0.734800
0.701207 0.536558 0.431290 0.311432 0.328767 0.322464
0.217663 0.114743 99999.000000 0.130430 0.000000 99999.000000
99999.000000 99999.000000 99999.000000 99999.000000 99999.000000 99999.000000
99999.000000 99999.000000 99999.000000 99999.000000 99999.000000 99999.000000
99999.000000 0.718551 0.700025 0.570238 0.628417 0.595671
0.589126 0.681385 0.667922 0.611591 0.544365 0.449903
0.414908 0.306711 0.316163 0.188108 0.000000 0.434539
0.000000 99999.000000 99999.000000 99999.000000 99999.000000 99999.000000
99999.000000 99999.000000 99999.000000 99999.000000 99999.000000 99999.000000
99999.000000 99999.000000 99999.000000 99999.000000 0.758272 0.617126
0.575305 0.579406 0.584395 0.634366 0.738788 0.743263
0.556354 0.598530 0.414477 0.446701 0.334099 0.197299
0.173457 0.113598 99999.000000 99999.000000 0.000000 99999.000000
99999.000000 99999.000000 99999.000000 99999.000000 99999.000000 99999.000000
99999.000000 99999.000000 99999.000000 99999.000000 99999.000000 99999.000000
99999.000000 0.761270 0.643438 0.603978 0.563185 0.571530
0.649511 0.697859 0.733596 0.603744 0.504557 0.412464
0.323032 0.344347 0.272943 0.171061 0.000000 0.657300
0.204447 0.000000 99999.000000 99999.000000 99999.000000 99999.000000
99999.000000 99999.000000 99999.000000 99999.000000 99999.000000 99999.000000
99999.000000 99999.000000 99999.000000 99999.000000 0.722656 0.737548
0.675427 0.599407 0.612111 0.630009 0.734518 0.763841
0.687207 0.513567 0.437425 0.352508 0.328534 0.309962
0.252117 0.000000 0.478145 0.053108 0.000000 99999.000000
99999.000000 99999.000000 99999.000000 99999.000000 99999.000000 99999.000000
99999.000000 99999.000000 99999.000000 99999.000000 99999.000000 99999.000000
0.760946 0.755499 0.732503 0.730100 0.660492 0.642247
0.622704 0.775601 0.713270 0.611581 0.506480 0.443213
0.376928 0.300319 0.267358 0.289012 0.508520 0.616056
0.000000 0.000000 99999.000000 99999.000000 99999.000000 99999.000000
99999.000000 99999.000000 99999.000000 99999.000000 99999.000000 99999.000000
99999.000000 99999.000000 99999.000000 0.744367 0.773874 0.757828
0.720984 0.702217 0.652947 0.576086 0.784469 0.731567
0.578298 0.519280 0.444133 0.374239 0.251879 0.122630
0.169499 0.337611 0.343929 0.000000 0.000000 99999.000000
99999.000000 99999.000000 99999.000000 99999.000000 99999.000000 99999.000000
99999.000000 99999.000000 99999.000000 99999.000000 99999.000000 0.665657
0.775002 0.768593 0.722515 0.750764 0.723732 0.670037
0.558417 0.780404 0.724847 0.642604 0.548036 0.396628
0.393169 0.223953 0.180698 0.171008 0.325724 0.000000
0.000000 0.000000 99999.000000 99999.000000 99999.000000 99999.000000
99999.000000 99999.000000 99999.000000 99999.000000 99999.000000 99999.000000
99999.000000 99999.000000 0.760659 0.775462 0.757696 0.783367
0.759406 0.748204 0.673563 0.618321 0.760053 0.740892
0.600940 0.596864 0.439561 0.416857 0.247225 0.165337
0.300353 0.000000 0.000000 0.000000 0.000000 99999.000000
99999.000000 99999.000000 99999.000000 99999.000000 99999.000000 99999.000000
99999.000000 99999.000000 99999.000000 99999.000000 99999.000000 0.776400
0.771709 0.763269 0.760209 0.767742 0.742389 0.693428
0.608929 0.747890 0.658974 0.646496 0.632230 0.648972
0.495919 0.263411 0.239513 0.568517 0.096029 99999.000000
0.000000 0.000000 99999.000000 99999.000000 99999.000000 99999.000000
99999.000000 99999.000000 99999.000000 99999.000000 99999.000000 99999.000000
99999.000000 99999.000000 0.777385 0.792190 0.757342 0.766176
0.759903 0.742827 0.695061 0.714505 0.715877 0.674388
0.657197 0.635477 0.562538 0.462970 0.144019 0.418462
0.335654 0.334651 0.000000 0.000000 0.000000 99999.000000
99999.000000 99999.000000 99999.000000 99999.000000 99999.000000 99999.000000
99999.000000 99999.000000 99999.000000 99999.000000 99999.000000 0.770581
0.792556 0.758369 0.745650 0.766973 0.706068 0.623560
0.734307 0.732504 0.656951 0.639332 0.699975 0.585794
0.273197 0.243469 0.365306 0.221829 0.000000 0.000000
0.000000 0.000000 99999.000000 99999.000000 99999.000000 99999.000000
99999.000000 99999.000000 99999.000000 99999.000000 99999.000000 99999.000000
99999.000000 99999.000000 0.779428 0.781997 0.773950 0.746907
0.750893 0.700263 0.633677 0.774758 0.713616 0.700887
0.619370 0.633717 0.555600 0.364250 0.219305 0.286706
0.081222 0.000000 0.000000 0.000000 0.000000 99999.000000
99999.000000 99999.000000 99999.000000 99999.000000 99999.000000 99999.000000
99999.000000 99999.000000 99999.000000 99999.000000 99999.000000 0.779691
0.759800 0.788455 0.777760 0.777265 0.726076 0.669376
0.764141 0.723128 0.708306 0.623657 0.648953 0.445452
0.227009 0.280659 0.181263 0.024594 0.000000 0.000000
0.000000 0.000000 99999.000000 99999.000000 99999.000000 99999.000000
99999.000000 99999.000000 99999.000000 99999.000000 99999.000000 99999.000000
99999.000000 99999.000000 0.787588 0.766261 0.770878 0.797222
0.750146 0.702494 0.633349 0.758633 0.740042 0.704812
0.566127 0.508520 0.360471 0.247011 0.207119 0.064966
0.000000 0.000000 0.000000 0.000000 99999.000000 99999.000000
99999.000000 99999.000000 99999.000000 99999.000000 99999.000000 99999.000000
99999.000000 99999.000000 99999.000000 99999.000000 99999.000000 0.788864
0.796678 0.772349 0.775809 0.742064 0.665696 0.564888
0.730427 0.657010 0.610235 0.485838 0.440684 0.308704
0.212227 0.116326 0.000000 0.000000 0.000000 0.000000
99999.000000 0.000000 99999.000000 99999.000000 99999.000000 99999.000000
99999.000000 99999.000000 99999.000000 99999.000000 99999.000000 99999.000000
99999.000000 99999.000000 0.750853 0.804905 0.764172 0.752458
0.716088 0.616860 0.531726 0.705194 0.592857 0.562345
0.444647 0.340918 0.289702 0.189378 0.053736 0.000000
0.000000 0.000000 0.000000 0.000000 0.000000 99999.000000
99999.000000 99999.000000 99999.000000 99999.000000 99999.000000 99999.000000
99999.000000 99999.000000 99999.000000 99999.000000 99999.000000 99999.000000
0.784927 0.748566 0.736552 0.655646 0.624316 0.500917
0.636002 0.504700 0.473251 0.376531 0.304848 0.217796
0.137095 0.006629 0.000000 0.000000 0.000000 0.000000
0.000000 99999.000000 99999.000000 99999.000000 99999.000000 99999.000000
99999.000000 99999.000000 99999.000000 99999.000000 99999.000000 99999.000000
99999.000000 99999.000000 99999.000000 0.762281 0.738075 0.711440
0.679407 0.542781 0.543574 0.555609 0.454142 0.347836
0.282860 0.205648 0.143610 0.063408 0.000000 0.000000
0.000000 0.000000 0.000000 0.000000 99999.000000 99999.000000
99999.000000 99999.000000 99999.000000 99999.000000 99999.000000 99999.000000
99999.000000 99999.000000 99999.000000 99999.000000 99999.000000 99999.000000
0.705642 0.721265 0.621404 0.574935 0.510798 0.500816
0.507106 0.419487 0.330802 0.219871 0.157702 0.085709
0.000000 0.000000 0.000000 0.000000 0.000000 0.000000
0.000000 99999.000000 99999.000000 99999.000000 99999.000000 99999.000000
99999.000000 99999.000000 99999.000000 99999.000000 99999.000000 99999.000000
99999.000000 99999.000000 99999.000000 99999.000000 0.723884 0.603232
0.502678 0.448651 0.456189 0.413803 0.305849 0.253994
0.144868 0.073763 0.021933 0.000000 0.000000 0.000000
0.000000 99999.000000 0.000000 0.000000 99999.000000 99999.000000
99999.000000 99999.000000 99999.000000 99999.000000 99999.000000 99999.000000
99999.000000 99999.000000 99999.000000 99999.000000 99999.000000 99999.000000
99999.000000 99999.000000 0.444678 0.458765 0.413990 0.410578
0.381980 0.255990 0.123812 0.067791 0.012415 0.000000
0.000000 0.000000 0.000000 0.000000 0.000000 0.000000
0.000000 99999.000000 99999.000000 99999.000000 99999.000000 99999.000000
99999.000000 99999.000000 99999.000000 99999.000000 99999.000000 99999.000000
99999.000000 99999.000000 99999.000000 99999.000000 99999.000000 0.510274
0.452504 0.400208 0.308021 0.310252 0.136234 0.054657
0.000000 0.000000 0.000000 0.000000 0.000000 0.000000
0.000000 0.000000 0.000000 99999.000000 99999.000000 99999.000000
99999.000000 99999.000000 99999.000000 99999.000000 99999.000000 99999.000000
99999.000000 99999.000000 99999.000000 99999.000000 99999.000000 99999.000000
99999.000000 99999.000000 99999.000000 0.546666 0.481601 0.282679
0.231291 0.088661 0.006242 0.000000 0.000000 0.000000
0.000000 0.000000 0.000000 0.000000 99999.000000 99999.000000
99999.000000 99999.000000 99999.000000 99999.000000 99999.000000 99999.000000
99999.000000 99999.000000 99999.000000 99999.000000 99999.000000 99999.000000
99999.000000 99999.000000 99999.000000 99999.000000 99999.000000 99999.000000
0.690357 0.554462 0.319790 0.166436 0.038046 0.000000
0.000000 0.000000 0.000000 0.000000 0.000000 0.000000
0.000000 99999.000000 99999.000000 99999.000000 99999.000000 99999.000000
99999.000000 99999.000000 99999.000000 99999.000000 99999.000000 99999.000000
99999.000000 99999.000000 99999.000000 99999.000000 99999.000000 99999.000000
99999.000000 99999.000000 99999.000000 0.290167 0.472297 0.257560
0.132134 0.015649 0.000000 0.000000 0.000000 0.000000
0.000000 0.000000 0.000000 99999.000000 99999.000000 99999.000000
99999.000000 99999.000000 99999.000000 99999.000000 99999.000000 99999.000000
99999.000000 99999.000000 99999.000000 99999.000000 99999.000000 99999.000000
99999.000000 99999.000000 99999.000000 99999.000000 99999.000000 99999.000000
99999.000000 0.478086 0.243186 0.127678 0.000000 0.000000
0.000000 0.000000 0.000000 0.000000 0.000000 99999.000000
99999.000000 99999.000000 99999.000000 99999.000000 99999.000000 99999.000000
99999.000000 99999.000000 99999.000000 99999.000000 99999.000000 99999.000000
99999.000000 99999.000000 99999.000000 99999.000000 99999.000000 99999.000000
99999.000000 99999.000000 99999.000000 99999.000000 0.521433 0.285177
0.064252 0.000000 0.000000 0.000000 0.000000 0.000000
0.000000 99999.000000 99999.000000 99999.000000 99999.000000 99999.000000
99999.000000 99999.000000 99999.000000 99999.000000 99999.000000 99999.000000
99999.000000 99999.000000 99999.000000 99999.000000 99999.000000 99999.000000
99999.000000 99999.000000 99999.000000 99999.000000 99999.000000 99999.000000
99999.000000 0.264790 0.141939 0.014799 0.000000 0.000000
0.000000 0.000000 0.000000 99999.000000 99999.000000 99999.000000
99999.000000 99999.000000 99999.000000 99999.000000 99999.000000 99999.000000
99999.000000 99999.000000 99999.000000 99999.000000 99999.000000 99999.000000
99999.000000 99999.000000 99999.000000 99999.000000 99999.000000 99999.000000
99999.000000 99999.000000 99999.000000 0.000000 0.086614 0.043624
0.000000 0.000000 0.000000 0.000000 0.000000 99999.000000
99999.000000 99999.000000 99999.000000 99999.000000 99999.000000 99999.000000
99999.000000 99999.000000 99999.000000 99999.000000 99999.000000 99999.000000
99999.000000 99999.000000 99999.000000 99999.000000 99999.000000 99999.000000
99999.000000 99999.000000 99999.000000 99999.000000 99999.000000 99999.000000
0.149388 0.000000 0.000000 0.000000 0.000000 0.000000
99999.000000 99999.000000 99999.000000 99999.000000 99999.000000 99999.000000
99999.000000 99999.000000 99999.000000 99999.000000 99999.000000 99999.000000
99999.000000 99999.000000 99999.000000 99999.000000 99999.000000 99999.000000
99999.000000 99999.000000 99999.000000 99999.000000 99999.000000 99999.000000
99999.000000 99999.000000 99999.000000 0.000000 0.000000 0.000000
0.000000 0.000000 99999.000000 99999.000000 99999.000000 99999.000000
99999.000000 99999.000000 99999.000000 99999.000000 99999.000000 99999.000000
99999.000000 99999.000000 99999.000000 99999.000000 99999.000000 99999.000000
99999.000000 99999.000000 99999.000000 99999.000000 99999.000000 99999.000000
99999.000000 99999.000000 99999.000000 99999.000000 99999.000000 99999.000000
0.000000 0.000000 0.000000 0.000000 99999.000000 99999.000000
99999.000000 99999.000000 99999.000000 99999.000000 99999.000000 99999.000000
99999.000000 99999.000000 99999.000000 99999.000000 99999.000000 99999.000000
99999.000000 99999.000000 99999.000000 99999.000000 99999.000000 99999.000000
99999.000000 99999.000000 99999.000000 99999.000000 99999.000000 99999.000000
99999.000000 99999.000000 99999.000000 99999.000000 99999.000000 99999.000000
99999.000000 99999.000000 99999.000000 99999.000000 99999.000000 99999.000000
99999.000000 99999.000000 99999.000000 99999.000000 99999.000000 99999.000000
99999.000000 99999.000000 99999.000000 99999.000000 99999.000000 99999.000000
99999.000000 99999.000000 99999.000000 99999.000000 99999.000000 99999.000000
99999.000000 99999.000000 99999.000000 99999.000000 99999.000000 99999.000000
99999.000000 99999.000000 99999.000000 99999.000000 99999.000000 99999.000000
99999.000000 99999.000000 99999.000000 99999.000000 99999.000000 99999.000000
99999.000000 99999.000000 99999.000000 99999.000000 99999.000000 99999.000000
